 267
     2.500     2.752     0.000     0.022     0.010   3310249
     2.501     3.294     0.000     0.022     0.010   3310243
     2.501     3.804     0.000     0.022     0.010   3310238
     2.502     4.295     0.000     0.022     0.010   2480249
     2.505     4.765     0.000     0.022     0.010   2470248
     2.507     5.244     0.000     0.022     0.010   2470237
     2.508     5.748     0.000     0.022     0.010   2460239
     2.509     6.259     0.000     0.022     0.010   2450241
     2.511     6.751     0.000     0.022     0.010   2440245
     2.512     7.247     0.000     0.022     0.010   2430251
     2.514     7.748     0.000     0.022     0.010   2430237
     2.515     8.251     0.000     0.022     0.010   2420236
     2.517     8.760     0.000     0.022     0.010   2410239
     2.520     9.255     0.000     0.022     0.010   2380245
     2.521     9.750     0.000     0.022     0.010   2370249
     2.524    10.250     0.000     0.022     0.010   2370232
     2.525    10.754     0.000     0.022     0.010   2360235
     2.528    11.259     0.000     0.022     0.010   2350237
     2.531    11.756     0.000     0.022     0.010   2340242
     2.533    12.255     0.000     0.022     0.010   2330250
     2.536    12.751     0.000     0.022     0.010   2330230
     2.538    13.251     0.000     0.022     0.010   2320233
     2.542    13.755     0.000     0.022     0.010   2310236
     2.545    14.252     0.000     0.022     0.010   2280244
     2.548    14.750     0.000     0.022     0.010   2270251
     2.551    15.247     0.000     0.022     0.010   2270228
     2.554    15.753     0.000     0.022     0.010   2260232
     2.559    16.256     0.000     0.022     0.010   2250234
     2.562    16.752     0.000     0.022     0.010   2240241
     2.567    17.248     0.000     0.022     0.010   2240222
     2.572    17.743     0.000     0.022     0.010   2230227
     2.579    18.251     0.000     0.023     0.010   2220230
     2.583    18.760     0.000     0.023     0.010   2210235
     2.587    19.251     0.000     0.023     0.010   2180241
     2.590    19.744     0.000     0.023     0.010   2180220
     2.592    20.248     0.000     0.023     0.010   2170224
     2.597    20.757     0.000     0.023     0.010   2160229
     2.603    21.258     0.000     0.023     0.010   2150234
     2.609    21.751     0.000     0.023     0.010   2140242
     2.613    22.246     0.000     0.023     0.010   2140219
     2.616    22.746     0.000     0.023     0.010   2130224
     2.622    23.252     0.000     0.023     0.010   2120228
     2.631    23.753     0.000     0.023     0.010   2110233
     2.638    24.245     0.000     0.023     0.010   2110213
     2.648    24.749     0.000     0.023     0.010   2110199
     2.658    25.253     0.000     0.023     0.010   2110188
     2.661    25.761     0.000     0.023     0.010   1480233
     2.670    26.252     0.000     0.023     0.010   1470243
     2.673    26.740     0.000     0.023     0.010   1470219
     2.675    27.246     0.000     0.023     0.010   1460223
     2.682    27.755     0.000     0.023     0.010   1450228
     2.692    28.258     0.000     0.023     0.010   1440237
     2.703    28.751     0.000     0.024     0.010   1430241
     2.708    29.243     0.000     0.024     0.010   1430213
     2.711    29.748     0.000     0.024     0.010   1420220
     2.721    30.256     0.000     0.024     0.010   1410227
     2.730    30.758     0.000     0.024     0.010   1380236
     2.727    31.246     0.000     0.024     0.010   1370246
     2.719    31.743     0.000     0.024     0.010   1370216
     2.716    32.246     0.000     0.024     0.010   1360221
     2.708    32.753     0.000     0.024     0.010   1350226
     2.703    33.257     0.000     0.024     0.010   1340237
     2.701    33.747     0.000     0.024     0.010   1330247
     2.692    34.242     0.000     0.023     0.010   1330212
     2.683    34.748     0.000     0.023     0.010   1320219
     2.683    35.257     0.000     0.023     0.010   1310236
     2.684    35.758     0.000     0.023     0.010   1280232
     2.686    36.245     0.000     0.023     0.010   1270250
     2.678    36.739     0.000     0.023     0.010   1270209
     2.676    37.250     0.000     0.023     0.010   1260215
     2.677    37.759     0.000     0.023     0.010   1250223
     2.680    38.257     0.000     0.023     0.010   1240233
     2.678    38.740     0.000     0.023     0.010   1240203
     2.683    39.238     0.000     0.023     0.010   1230208
     2.694    39.747     0.000     0.024     0.010   1220215
     2.703    40.253     0.000     0.024     0.010   1210223
     2.692    40.749     0.000     0.023     0.010   1180232
     2.696    41.246     0.000     0.024     0.010   1180201
     2.685    41.747     0.000     0.023     0.010   1170206
     2.685    42.255     0.000     0.023     0.010   1160213
     2.687    42.750     0.000     0.023     0.010   1150221
     2.680    43.247     0.000     0.023     0.010   1140233
     2.683    43.745     0.000     0.023     0.010   1140199
     2.675    44.249     0.000     0.023     0.010   1130205
     2.674    44.755     0.000     0.023     0.010   1120212
     2.678    45.249     0.000     0.023     0.010   1110221
     2.679    45.740     0.000     0.023     0.010   1110192
     2.691    46.249     0.000     0.023     0.010   1110172
     2.695    46.755     0.000     0.024     0.010   1110155
     2.703    47.250     0.000     0.024     0.010   1110140
     2.703    47.739     0.000     0.024     0.010   1110126
     2.697    48.245     0.000     0.024     0.010   1110114
     2.702    48.755     0.000     0.024     0.010   1110101
     2.712    49.260     0.000     0.024     0.010   1110090
     2.728    49.747     0.000     0.024     0.010   1110078
     2.713    50.235     0.000     0.024     0.010   1110067
     2.710    50.745     0.000     0.024     0.010   1110056
     2.709    51.256     0.000     0.024     0.010   1110046
     2.709    51.762     0.000     0.024     0.010   1110035
     2.717    52.239     0.000     0.024     0.010   1110025
     2.689    52.727     0.000     0.023     0.010   1110014
     2.682    53.249     0.000     0.023     0.010   1110003
     2.669    53.764     0.000     0.023     0.010   1110001
     2.665    54.265     0.000     0.023     0.010   1110512
     2.675    54.736     0.000     0.023     0.010   5240001
     2.657    55.230     0.000     0.023     0.010   5250001
     2.659    55.752     0.000     0.023     0.010   5260001
     2.660    56.266     0.000     0.023     0.010   5270001
     2.667    56.765     0.000     0.023     0.010   5280001
     2.674    57.235     0.000     0.023     0.010   5310001
     2.657    57.732     0.000     0.023     0.010   5320001
     2.658    58.253     0.000     0.023     0.010   5330001
     2.659    58.766     0.000     0.023     0.010   5340001
     2.668    59.262     0.000     0.023     0.010   5350001
     2.669    59.734     0.000     0.023     0.010   5360001
     2.656    60.236     0.000     0.023     0.010   5370001
     2.707    60.742     0.000     0.024     0.010   5380001
     2.740    61.245     0.000     0.024     0.010   5410001
     2.727    61.778     0.000     0.024     0.010   5420001
     2.696    62.230     0.000     0.024     0.010   5430001
     2.659    62.737     0.000     0.023     0.010   5440001
     2.651    63.264     0.000     0.023     0.010   5450001
     2.647    63.778     0.000     0.023     0.010   5460001
     2.647    64.261     0.000     0.023     0.010   5470001
     2.631    64.725     0.000     0.023     0.010   5480001
     2.614    65.242     0.000     0.023     0.010   6110038
     2.637    65.767     0.000     0.023     0.010   6110019
     2.662    66.275     0.000     0.023     0.010   6110001
     2.685    66.740     0.000     0.023     0.010   6120001
     2.653    67.218     0.000     0.023     0.010   6120512
     2.655    67.748     0.000     0.023     0.010   6130511
     2.657    68.267     0.000     0.023     0.010   6140001
     2.662    68.773     0.000     0.023     0.010   6150001
     2.683    69.234     0.000     0.023     0.010   6160001
     2.653    69.718     0.000     0.023     0.010   6170001
     2.655    70.249     0.000     0.023     0.010   6180001
     2.655    70.770     0.000     0.023     0.010   6210001
     2.661    71.272     0.000     0.023     0.010   6220001
     2.679    71.730     0.000     0.023     0.010   6230001
     2.649    72.220     0.000     0.023     0.010   6240001
     2.652    72.751     0.000     0.023     0.010   6250001
     2.656    73.272     0.000     0.023     0.010   6260001
     2.663    73.772     0.000     0.023     0.010   6270001
     2.676    74.226     0.000     0.023     0.010   6280001
     2.651    74.723     0.000     0.023     0.010   6310001
     2.652    75.255     0.000     0.023     0.010   6320001
     2.657    75.776     0.000     0.023     0.010   6330001
     2.668    76.270     0.000     0.023     0.010   6340001
     2.675    76.725     0.000     0.023     0.010   6350001
     2.651    77.232     0.000     0.023     0.010   6360001
     2.654    77.769     0.000     0.023     0.010   6370001
     2.656    78.289     0.000     0.023     0.010   6380003
     2.673    78.769     0.000     0.023     0.010   6380001
     2.666    79.219     0.000     0.023     0.010   6410001
     2.646    79.737     0.000     0.023     0.010   6420001
     2.650    80.270     0.000     0.023     0.010   6430001
     2.657    80.785     0.000     0.023     0.010   6440001
     2.686    81.238     0.000     0.023     0.010   6450001
     2.656    81.695     0.000     0.023     0.010   6460001
     2.787    82.207     0.000     0.024     0.010   6470001
     2.886    82.640     0.000     0.025     0.010   6480001
     2.528    83.354     0.000     0.022     0.010   7110152
     2.611    83.821     0.000     0.023     0.010   7110051
     2.702    84.201     0.000     0.024     0.010   7110001
     2.645    84.691     0.000     0.023     0.010   7120001
     2.648    85.251     0.000     0.023     0.010   7130001
     2.652    85.795     0.000     0.023     0.010   7140001
     2.669    86.306     0.000     0.023     0.010   7150001
     2.718    86.710     0.000     0.024     0.010   7160001
     2.652    87.222     0.000     0.023     0.010   7170003
     2.634    87.802     0.000     0.023     0.010   7170001
     2.627    88.356     0.000     0.023     0.010   7180001
     2.629    88.852     0.000     0.023     0.010   7210001
     2.767    89.052     0.000     0.024     0.010   7220001
     2.652    89.604     0.000     0.023     0.010   7230001
     2.651    90.200     0.000     0.023     0.010   7240001
     2.651    90.796     0.000     0.023     0.010   7250001
     2.652    91.391     0.000     0.023     0.010   7260001
     2.772    91.898     0.000     0.024     0.010   7270001
     2.646    92.190     0.000     0.023     0.010   7270123
     2.640    92.709     0.000     0.023     0.010   7280076
     2.640    93.261     0.000     0.023     0.010   7310048
     2.642    93.826     0.000     0.023     0.010   7320030
     2.721    94.282     0.000     0.024     0.010   7330019
     2.653    94.682     0.000     0.023     0.010   7330162
     2.652    95.206     0.000     0.023     0.010   7340125
     2.650    95.757     0.000     0.023     0.010   7350102
     2.666    96.297     0.000     0.023     0.010   7360085
     2.685    96.743     0.000     0.023     0.010   7360233
     2.659    97.211     0.000     0.023     0.010   7370175
     2.648    97.734     0.000     0.023     0.010   7380146
     2.649    98.276     0.000     0.023     0.010   7410127
     2.673    98.793     0.000     0.023     0.010   7420108
     2.673    99.235     0.000     0.023     0.010   7420223
     2.656    99.720     0.000     0.023     0.010   7430183
     2.651   100.241     0.000     0.023     0.010   7440160
     2.649   100.777     0.000     0.023     0.010   7450139
     2.665   101.271     0.000     0.023     0.010   7460129
     2.607   101.708     0.000     0.023     0.010   7460221
     2.563   102.193     0.000     0.022     0.010   7470187
     2.624   102.722     0.000     0.023     0.010   7480167
     2.824   103.254     0.000     0.025     0.010   8110040
     2.768   103.760     0.000     0.024     0.010   8110081
     2.704   104.266     0.000     0.024     0.010   8110126
     2.655   104.726     0.000     0.023     0.010   8110189
     2.652   105.250     0.000     0.023     0.010   8120172
     2.650   105.786     0.000     0.023     0.010   8130158
     2.683   106.273     0.000     0.023     0.010   8140145
     2.660   106.726     0.000     0.023     0.010   8140213
     2.655   107.233     0.000     0.023     0.010   8150191
     2.651   107.757     0.000     0.023     0.010   8160174
     2.650   108.291     0.000     0.023     0.010   8170162
     2.684   108.770     0.000     0.023     0.010   8180152
     2.659   109.226     0.000     0.023     0.010   8180212
     2.654   109.736     0.000     0.023     0.010   8210192
     2.651   110.260     0.000     0.023     0.010   8220178
     2.661   110.779     0.000     0.023     0.010   8230170
     2.671   111.248     0.000     0.023     0.010   8230246
     2.659   111.726     0.000     0.023     0.010   8240213
     2.657   112.239     0.000     0.023     0.010   8250195
     2.654   112.762     0.000     0.023     0.010   8260181
     2.670   113.270     0.000     0.023     0.010   8270172
     2.672   113.740     0.000     0.023     0.010   8270238
     2.660   114.228     0.000     0.023     0.010   8280213
     2.655   114.738     0.000     0.023     0.010   8310198
     2.633   115.265     0.000     0.023     0.010   8320187
     2.628   115.768     0.000     0.023     0.010   8330177
     2.632   116.228     0.000     0.023     0.010   8330235
     2.634   116.726     0.000     0.023     0.010   8340212
     2.640   117.244     0.000     0.023     0.010   8350198
     2.648   117.774     0.000     0.023     0.010   8360190
     2.683   118.268     0.000     0.023     0.010   8370177
     2.687   118.726     0.000     0.023     0.010   8370228
     2.698   119.221     0.000     0.024     0.010   8380213
     2.754   119.754     0.000     0.024     0.010   9110125
     2.726   120.257     0.000     0.024     0.010   9110148
     2.690   120.760     0.000     0.023     0.010   9110175
     2.662   121.234     0.000     0.023     0.010   9110215
     2.660   121.747     0.000     0.023     0.010   9120200
     2.660   122.269     0.000     0.023     0.010   9130193
     2.679   122.763     0.000     0.023     0.010   9140184
     2.667   123.234     0.000     0.023     0.010   9140229
     2.672   123.737     0.000     0.023     0.010   9150214
     2.661   124.249     0.000     0.023     0.010   9160203
     2.662   124.771     0.000     0.023     0.010   9170195
     2.683   125.261     0.000     0.023     0.010   9180187
     2.670   125.735     0.000     0.023     0.010   9180229
     2.664   126.240     0.000     0.023     0.010   9210219
     2.663   126.754     0.000     0.023     0.010   9220207
     2.659   127.275     0.000     0.023     0.010   9230197
     2.677   127.759     0.000     0.023     0.010   9240192
     2.650   128.229     0.000     0.023     0.010   9240231
     2.634   128.734     0.000     0.023     0.010   9250217
     2.621   129.255     0.000     0.023     0.010   9260207
     2.614   129.769     0.000     0.023     0.010   9270199
     2.608   130.242     0.000     0.023     0.010   9270248
     2.591   130.726     0.000     0.023     0.010   9280228
     2.579   131.236     0.000     0.023     0.010   9310212
     2.567   131.761     0.000     0.022     0.010   9320208
     2.565   132.270     0.000     0.022     0.010   9330200
     2.554   132.729     0.000     0.022     0.010   9330243
     2.543   133.216     0.000     0.022     0.010   9340225
     2.533   133.736     0.000     0.022     0.010   9350216
     2.524   134.277     0.000     0.022     0.010   9360208
     2.522   134.780     0.000     0.022     0.010   9370200
     2.512   135.187     0.000     0.022     0.010   9370239
     2.503   135.628     0.000     0.022     0.010   9380224
