 267
     2.500     2.758     0.000     0.022     0.010   3310251
     2.501     3.313     0.000     0.022     0.010   3250512
     2.503     3.819     0.000     0.022     0.010   3130001
     2.505     4.275     0.000     0.022     0.010   2480246
     2.505     4.751     0.000     0.022     0.010   2470246
     2.506     5.247     0.000     0.022     0.010   2470235
     2.507     5.750     0.000     0.022     0.010   2460236
     2.509     6.263     0.000     0.022     0.010   2450238
     2.510     6.756     0.000     0.022     0.010   2440242
     2.512     7.249     0.000     0.022     0.010   2430248
     2.513     7.748     0.000     0.022     0.010   2430235
     2.514     8.251     0.000     0.022     0.010   2420234
     2.517     8.760     0.000     0.022     0.010   2410237
     2.519     9.256     0.000     0.022     0.010   2380242
     2.520     9.751     0.000     0.022     0.010   2370246
     2.523    10.247     0.000     0.022     0.010   2370230
     2.524    10.751     0.000     0.022     0.010   2360232
     2.528    11.256     0.000     0.022     0.010   2350234
     2.530    11.752     0.000     0.022     0.010   2340240
     2.532    12.250     0.000     0.022     0.010   2330247
     2.535    12.747     0.000     0.022     0.010   2330228
     2.538    13.253     0.000     0.022     0.010   2320231
     2.541    13.757     0.000     0.022     0.010   2310234
     2.544    14.249     0.000     0.022     0.010   2280241
     2.547    14.747     0.000     0.022     0.010   2270249
     2.550    15.247     0.000     0.022     0.010   2270225
     2.553    15.754     0.000     0.022     0.010   2260230
     2.558    16.256     0.000     0.022     0.010   2250231
     2.562    16.754     0.000     0.022     0.010   2240238
     2.566    17.248     0.000     0.022     0.010   2240220
     2.572    17.739     0.000     0.022     0.010   2230225
     2.579    18.248     0.000     0.023     0.010   2220228
     2.583    18.761     0.000     0.023     0.010   2210232
     2.587    19.253     0.000     0.023     0.010   2180238
     2.591    19.745     0.000     0.023     0.010   2180218
     2.592    20.247     0.000     0.023     0.010   2170222
     2.598    20.757     0.000     0.023     0.010   2160227
     2.604    21.257     0.000     0.023     0.010   2150232
     2.609    21.752     0.000     0.023     0.010   2140240
     2.614    22.246     0.000     0.023     0.010   2140217
     2.617    22.748     0.000     0.023     0.010   2130221
     2.623    23.256     0.000     0.023     0.010   2120226
     2.632    23.754     0.000     0.023     0.010   2110231
     2.640    24.244     0.000     0.023     0.010   2110211
     2.650    24.749     0.000     0.023     0.010   2110197
     2.661    25.254     0.000     0.023     0.010   2110186
     2.663    25.760     0.000     0.023     0.010   1480229
     2.672    26.254     0.000     0.023     0.010   1470240
     2.675    26.742     0.000     0.023     0.010   1470214
     2.678    27.247     0.000     0.023     0.010   1460220
     2.686    27.755     0.000     0.023     0.010   1450224
     2.694    28.258     0.000     0.024     0.010   1440234
     2.707    28.751     0.000     0.024     0.010   1430239
     2.711    29.242     0.000     0.024     0.010   1430212
     2.716    29.746     0.000     0.024     0.010   1420216
     2.715    30.251     0.000     0.024     0.010   1410221
     2.715    30.754     0.000     0.024     0.010   1380237
     2.713    31.248     0.000     0.024     0.010   1370243
     2.717    31.742     0.000     0.024     0.010   1370211
     2.720    32.248     0.000     0.024     0.010   1360216
     2.719    32.753     0.000     0.024     0.010   1350223
     2.708    33.256     0.000     0.024     0.010   1340240
     2.706    33.747     0.000     0.024     0.010   1330244
     2.694    34.239     0.000     0.024     0.010   1330208
     2.688    34.747     0.000     0.023     0.010   1320215
     2.687    35.257     0.000     0.023     0.010   1310225
     2.686    35.758     0.000     0.023     0.010   1280230
     2.688    36.243     0.000     0.023     0.010   1270250
     2.680    36.739     0.000     0.023     0.010   1270207
     2.681    37.251     0.000     0.023     0.010   1260217
     2.680    37.760     0.000     0.023     0.010   1250219
     2.682    38.255     0.000     0.023     0.010   1240231
     2.684    38.738     0.000     0.023     0.010   1240200
     2.686    39.238     0.000     0.023     0.010   1230201
     2.694    39.747     0.000     0.024     0.010   1220214
     2.699    40.256     0.000     0.024     0.010   1210230
     2.683    40.750     0.000     0.023     0.010   1180230
     2.687    41.247     0.000     0.023     0.010   1180200
     2.678    41.746     0.000     0.023     0.010   1170205
     2.683    42.254     0.000     0.023     0.010   1160212
     2.681    42.750     0.000     0.023     0.010   1150220
     2.675    43.249     0.000     0.023     0.010   1140232
     2.678    43.747     0.000     0.023     0.010   1140198
     2.667    44.248     0.000     0.023     0.010   1130204
     2.670    44.753     0.000     0.023     0.010   1120211
     2.671    45.248     0.000     0.023     0.010   1110220
     2.673    45.741     0.000     0.023     0.010   1110191
     2.683    46.251     0.000     0.023     0.010   1110171
     2.689    46.757     0.000     0.023     0.010   1110154
     2.697    47.254     0.000     0.024     0.010   1110140
     2.696    47.740     0.000     0.024     0.010   1110126
     2.689    48.242     0.000     0.023     0.010   1110113
     2.694    48.754     0.000     0.024     0.010   1110101
     2.701    49.262     0.000     0.024     0.010   1110090
     2.719    49.747     0.000     0.024     0.010   1110078
     2.712    50.233     0.000     0.024     0.010   1110067
     2.714    50.746     0.000     0.024     0.010   1110056
     2.714    51.256     0.000     0.024     0.010   1110046
     2.715    51.760     0.000     0.024     0.010   1110035
     2.724    52.239     0.000     0.024     0.010   1110025
     2.695    52.729     0.000     0.024     0.010   1110014
     2.688    53.248     0.000     0.023     0.010   1110004
     2.677    53.760     0.000     0.023     0.010   1110001
     2.672    54.264     0.000     0.023     0.010   1110506
     2.680    54.739     0.000     0.023     0.010   5230509
     2.659    55.230     0.000     0.023     0.010   5240510
     2.662    55.751     0.000     0.023     0.010   5250509
     2.664    56.266     0.000     0.023     0.010   5260510
     2.669    56.765     0.000     0.023     0.010   5270509
     2.679    57.236     0.000     0.023     0.010   5280510
     2.660    57.735     0.000     0.023     0.010   5310510
     2.661    58.255     0.000     0.023     0.010   5320510
     2.664    58.766     0.000     0.023     0.010   5330511
     2.669    59.263     0.000     0.023     0.010   5340512
     2.674    59.733     0.000     0.023     0.010   5350511
     2.659    60.236     0.000     0.023     0.010   5360512
     2.710    60.741     0.000     0.024     0.010   5370511
     2.742    61.243     0.000     0.024     0.010   5380511
     2.730    61.777     0.000     0.024     0.010   5410509
     2.699    62.228     0.000     0.024     0.010   5420509
     2.664    62.735     0.000     0.023     0.010   5430509
     2.655    63.263     0.000     0.023     0.010   5440510
     2.650    63.777     0.000     0.023     0.010   5450509
     2.652    64.258     0.000     0.023     0.010   5460509
     2.637    64.724     0.000     0.023     0.010   5470509
     2.617    65.242     0.000     0.023     0.010   5480509
     2.637    65.768     0.000     0.023     0.010   6110019
     2.662    66.276     0.000     0.023     0.010   6110001
     2.689    66.739     0.000     0.023     0.010   6110508
     2.657    67.217     0.000     0.023     0.010   6120507
     2.658    67.746     0.000     0.023     0.010   6130506
     2.662    68.267     0.000     0.023     0.010   6140001
     2.664    68.774     0.000     0.023     0.010   6150001
     2.687    69.233     0.000     0.023     0.010   6160001
     2.655    69.717     0.000     0.023     0.010   6170001
     2.658    70.248     0.000     0.023     0.010   6180001
     2.658    70.769     0.000     0.023     0.010   6210001
     2.663    71.272     0.000     0.023     0.010   6220001
     2.683    71.728     0.000     0.023     0.010   6230001
     2.654    72.219     0.000     0.023     0.010   6240001
     2.654    72.750     0.000     0.023     0.010   6250001
     2.659    73.271     0.000     0.023     0.010   6260001
     2.667    73.770     0.000     0.023     0.010   6270001
     2.679    74.226     0.000     0.023     0.010   6280001
     2.654    74.724     0.000     0.023     0.010   6310001
     2.656    75.256     0.000     0.023     0.010   6320001
     2.660    75.777     0.000     0.023     0.010   6330001
     2.672    76.271     0.000     0.023     0.010   6340001
     2.678    76.728     0.000     0.023     0.010   6350001
     2.652    77.236     0.000     0.023     0.010   6360001
     2.656    77.769     0.000     0.023     0.010   6360511
     2.659    78.287     0.000     0.023     0.010   6370001
     2.675    78.767     0.000     0.023     0.010   6380001
     2.669    79.217     0.000     0.023     0.010   6410001
     2.651    79.735     0.000     0.023     0.010   6420001
     2.653    80.268     0.000     0.023     0.010   6430001
     2.661    80.784     0.000     0.023     0.010   6440001
     2.690    81.238     0.000     0.023     0.010   6450001
     2.659    81.696     0.000     0.023     0.010   6460001
     2.792    82.210     0.000     0.024     0.010   6470001
     2.891    82.651     0.000     0.025     0.010   6480001
     2.528    83.354     0.000     0.022     0.010   7110151
     2.611    83.821     0.000     0.023     0.010   7110051
     2.705    84.202     0.000     0.024     0.010   7110001
     2.649    84.692     0.000     0.023     0.010   7120001
     2.651    85.251     0.000     0.023     0.010   7130001
     2.656    85.796     0.000     0.023     0.010   7140001
     2.673    86.306     0.000     0.023     0.010   7150001
     2.720    86.713     0.000     0.024     0.010   7160001
     2.651    87.222     0.000     0.023     0.010   7170003
     2.637    87.798     0.000     0.023     0.010   7170001
     2.630    88.352     0.000     0.023     0.010   7180001
     2.633    88.848     0.000     0.023     0.010   7210001
     2.770    89.052     0.000     0.024     0.010   7220001
     2.654    89.605     0.000     0.023     0.010   7230001
     2.655    90.200     0.000     0.023     0.010   7240001
     2.654    90.795     0.000     0.023     0.010   7250001
     2.655    91.390     0.000     0.023     0.010   7260001
     2.775    91.896     0.000     0.024     0.010   7270001
     2.649    92.191     0.000     0.023     0.010   7270122
     2.643    92.710     0.000     0.023     0.010   7280075
     2.643    93.262     0.000     0.023     0.010   7310048
     2.645    93.827     0.000     0.023     0.010   7320030
     2.725    94.285     0.000     0.024     0.010   7330019
     2.657    94.685     0.000     0.023     0.010   7330160
     2.651    95.206     0.000     0.023     0.010   7340123
     2.653    95.755     0.000     0.023     0.010   7350101
     2.670    96.294     0.000     0.023     0.010   7360084
     2.688    96.741     0.000     0.023     0.010   7360230
     2.662    97.210     0.000     0.023     0.010   7370173
     2.656    97.733     0.000     0.023     0.010   7380145
     2.651    98.275     0.000     0.023     0.010   7410126
     2.678    98.791     0.000     0.023     0.010   7420110
     2.676    99.235     0.000     0.023     0.010   7420220
     2.659    99.718     0.000     0.023     0.010   7430181
     2.654   100.240     0.000     0.023     0.010   7440158
     2.652   100.778     0.000     0.023     0.010   7450138
     2.665   101.272     0.000     0.023     0.010   7460127
     2.607   101.707     0.000     0.023     0.010   7460217
     2.570   102.197     0.000     0.022     0.010   7470185
     2.630   102.726     0.000     0.023     0.010   7480166
     2.826   103.254     0.000     0.025     0.010   8110040
     2.772   103.758     0.000     0.024     0.010   8110080
     2.706   104.265     0.000     0.024     0.010   8110125
     2.658   104.724     0.000     0.023     0.010   8110187
     2.655   105.247     0.000     0.023     0.010   8120170
     2.653   105.783     0.000     0.023     0.010   8130157
     2.687   106.270     0.000     0.023     0.010   8140143
     2.663   106.726     0.000     0.023     0.010   8140211
     2.658   107.233     0.000     0.023     0.010   8150189
     2.656   107.757     0.000     0.023     0.010   8160173
     2.652   108.290     0.000     0.023     0.010   8170160
     2.688   108.771     0.000     0.023     0.010   8180151
     2.661   109.228     0.000     0.023     0.010   8180210
     2.658   109.738     0.000     0.023     0.010   8210190
     2.654   110.261     0.000     0.023     0.010   8220176
     2.663   110.778     0.000     0.023     0.010   8230168
     2.676   111.249     0.000     0.023     0.010   8230244
     2.662   111.729     0.000     0.023     0.010   8240211
     2.658   112.239     0.000     0.023     0.010   8250193
     2.658   112.762     0.000     0.023     0.010   8260179
     2.670   113.270     0.000     0.023     0.010   8270170
     2.674   113.738     0.000     0.023     0.010   8270235
     2.661   114.227     0.000     0.023     0.010   8280210
     2.657   114.739     0.000     0.023     0.010   8310196
     2.632   115.265     0.000     0.023     0.010   8320185
     2.631   115.769     0.000     0.023     0.010   8330175
     2.636   116.229     0.000     0.023     0.010   8330232
     2.636   116.725     0.000     0.023     0.010   8340210
     2.646   117.243     0.000     0.023     0.010   8350196
     2.651   117.772     0.000     0.023     0.010   8360188
     2.689   118.266     0.000     0.023     0.010   8370175
     2.689   118.727     0.000     0.023     0.010   8370225
     2.703   119.224     0.000     0.024     0.010   8380211
     2.755   119.758     0.000     0.024     0.010   9110124
     2.729   120.257     0.000     0.024     0.010   9110147
     2.694   120.759     0.000     0.024     0.010   9110174
     2.663   121.231     0.000     0.023     0.010   9110213
     2.664   121.745     0.000     0.023     0.010   9120198
     2.662   122.269     0.000     0.023     0.010   9130191
     2.681   122.763     0.000     0.023     0.010   9140182
     2.672   123.233     0.000     0.023     0.010   9140227
     2.667   123.736     0.000     0.023     0.010   9150212
     2.665   124.251     0.000     0.023     0.010   9160201
     2.664   124.771     0.000     0.023     0.010   9170193
     2.688   125.260     0.000     0.023     0.010   9180185
     2.673   125.734     0.000     0.023     0.010   9180227
     2.666   126.238     0.000     0.023     0.010   9210216
     2.665   126.752     0.000     0.023     0.010   9220204
     2.663   127.273     0.000     0.023     0.010   9230195
     2.677   127.758     0.000     0.023     0.010   9240190
     2.649   128.229     0.000     0.023     0.010   9240228
     2.634   128.735     0.000     0.023     0.010   9250214
     2.620   129.254     0.000     0.023     0.010   9260205
     2.614   129.767     0.000     0.023     0.010   9270197
     2.609   130.242     0.000     0.023     0.010   9270246
     2.591   130.726     0.000     0.023     0.010   9280225
     2.578   131.240     0.000     0.022     0.010   9310212
     2.567   131.763     0.000     0.022     0.010   9320206
     2.565   132.269     0.000     0.022     0.010   9330198
     2.555   132.730     0.000     0.022     0.010   9330241
     2.543   133.214     0.000     0.022     0.010   9340223
     2.533   133.733     0.000     0.022     0.010   9350214
     2.525   134.276     0.000     0.022     0.010   9360206
     2.522   134.781     0.000     0.022     0.010   9370198
     2.512   135.187     0.000     0.022     0.010   9370237
     2.503   135.628     0.000     0.022     0.010   9380222
