 267
     2.500     2.758     0.000     0.022     0.010   3310251
     2.501     3.307     0.000     0.022     0.010   3310245
     2.503     3.809     0.000     0.022     0.010   3130001
     2.505     4.269     0.000     0.022     0.010   2480248
     2.505     4.750     0.000     0.022     0.010   2470248
     2.506     5.245     0.000     0.022     0.010   2470237
     2.507     5.748     0.000     0.022     0.010   2460239
     2.509     6.257     0.000     0.022     0.010   2450241
     2.511     6.751     0.000     0.022     0.010   2440245
     2.511     7.249     0.000     0.022     0.010   2430251
     2.513     7.746     0.000     0.022     0.010   2430237
     2.515     8.253     0.000     0.022     0.010   2420236
     2.517     8.763     0.000     0.022     0.010   2410239
     2.519     9.253     0.000     0.022     0.010   2380245
     2.521     9.750     0.000     0.022     0.010   2370249
     2.523    10.250     0.000     0.022     0.010   2370232
     2.525    10.754     0.000     0.022     0.010   2360235
     2.527    11.260     0.000     0.022     0.010   2350237
     2.530    11.751     0.000     0.022     0.010   2340242
     2.532    12.245     0.000     0.022     0.010   2330250
     2.535    12.748     0.000     0.022     0.010   2330230
     2.538    13.255     0.000     0.022     0.010   2320233
     2.541    13.756     0.000     0.022     0.010   2310236
     2.544    14.252     0.000     0.022     0.010   2280243
     2.548    14.751     0.000     0.022     0.010   2270251
     2.551    15.249     0.000     0.022     0.010   2270228
     2.553    15.753     0.000     0.022     0.010   2260232
     2.558    16.254     0.000     0.022     0.010   2250234
     2.562    16.750     0.000     0.022     0.010   2240241
     2.567    17.248     0.000     0.022     0.010   2240222
     2.573    17.743     0.000     0.022     0.010   2230227
     2.579    18.249     0.000     0.023     0.010   2220231
     2.583    18.759     0.000     0.023     0.010   2210235
     2.587    19.253     0.000     0.023     0.010   2180240
     2.591    19.748     0.000     0.023     0.010   2180220
     2.592    20.249     0.000     0.023     0.010   2170224
     2.598    20.758     0.000     0.023     0.010   2160229
     2.604    21.259     0.000     0.023     0.010   2150234
     2.610    21.752     0.000     0.023     0.010   2140242
     2.615    22.248     0.000     0.023     0.010   2140219
     2.617    22.751     0.000     0.023     0.010   2130224
     2.623    23.256     0.000     0.023     0.010   2120228
     2.633    23.753     0.000     0.023     0.010   2110233
     2.640    24.245     0.000     0.023     0.010   2110213
     2.650    24.750     0.000     0.023     0.010   2110200
     2.662    25.255     0.000     0.023     0.010   2110189
     2.664    25.760     0.000     0.023     0.010   1480234
     2.673    26.252     0.000     0.023     0.010   1470244
     2.676    26.742     0.000     0.023     0.010   1470220
     2.680    27.247     0.000     0.023     0.010   1460224
     2.687    27.756     0.000     0.023     0.010   1450229
     2.697    28.258     0.000     0.024     0.010   1440237
     2.709    28.751     0.000     0.024     0.010   1430242
     2.713    29.244     0.000     0.024     0.010   1430215
     2.717    29.748     0.000     0.024     0.010   1420221
     2.716    30.250     0.000     0.024     0.010   1410226
     2.717    30.752     0.000     0.024     0.010   1380236
     2.715    31.249     0.000     0.024     0.010   1370246
     2.719    31.742     0.000     0.024     0.010   1370216
     2.723    32.247     0.000     0.024     0.010   1360221
     2.727    32.753     0.000     0.024     0.010   1350226
     2.720    33.254     0.000     0.024     0.010   1340236
     2.714    33.747     0.000     0.024     0.010   1330247
     2.704    34.241     0.000     0.024     0.010   1330213
     2.696    34.749     0.000     0.024     0.010   1320219
     2.693    35.257     0.000     0.023     0.010   1310230
     2.694    35.756     0.000     0.024     0.010   1280237
     2.694    36.245     0.000     0.024     0.010   1270253
     2.685    36.742     0.000     0.023     0.010   1270214
     2.685    37.252     0.000     0.023     0.010   1260219
     2.686    37.760     0.000     0.023     0.010   1250226
     2.689    38.256     0.000     0.023     0.010   1240237
     2.687    38.739     0.000     0.023     0.010   1240208
     2.692    39.237     0.000     0.023     0.010   1230214
     2.699    39.748     0.000     0.024     0.010   1220220
     2.708    40.254     0.000     0.024     0.010   1210231
     2.695    40.748     0.000     0.024     0.010   1180233
     2.704    41.248     0.000     0.024     0.010   1180202
     2.693    41.748     0.000     0.024     0.010   1170208
     2.694    42.255     0.000     0.024     0.010   1160214
     2.695    42.750     0.000     0.024     0.010   1150222
     2.689    43.251     0.000     0.023     0.010   1140234
     2.692    43.748     0.000     0.023     0.010   1140201
     2.683    44.249     0.000     0.023     0.010   1130207
     2.684    44.755     0.000     0.023     0.010   1120214
     2.684    45.248     0.000     0.023     0.010   1110223
     2.688    45.741     0.000     0.023     0.010   1110194
     2.696    46.253     0.000     0.024     0.010   1110174
     2.704    46.755     0.000     0.024     0.010   1110157
     2.714    47.252     0.000     0.024     0.010   1110143
     2.712    47.740     0.000     0.024     0.010   1110129
     2.707    48.243     0.000     0.024     0.010   1110116
     2.711    48.755     0.000     0.024     0.010   1110104
     2.717    49.260     0.000     0.024     0.010   1110093
     2.734    49.744     0.000     0.024     0.010   1110082
     2.723    50.230     0.000     0.024     0.010   1110071
     2.719    50.744     0.000     0.024     0.010   1110060
     2.717    51.258     0.000     0.024     0.010   1110049
     2.723    51.760     0.000     0.024     0.010   1110039
     2.733    52.237     0.000     0.024     0.010   1110028
     2.699    52.727     0.000     0.024     0.010   1110018
     2.694    53.247     0.000     0.024     0.010   1110007
     2.685    53.760     0.000     0.023     0.010   1110001
     2.677    54.264     0.000     0.023     0.010   1110505
     2.682    54.739     0.000     0.023     0.010   5230001
     2.662    55.231     0.000     0.023     0.010   5240001
     2.665    55.752     0.000     0.023     0.010   5250001
     2.668    56.265     0.000     0.023     0.010   5260001
     2.673    56.763     0.000     0.023     0.010   5270001
     2.681    57.235     0.000     0.023     0.010   5280001
     2.664    57.733     0.000     0.023     0.010   5310001
     2.666    58.255     0.000     0.023     0.010   5320001
     2.666    58.768     0.000     0.023     0.010   5330510
     2.673    59.264     0.000     0.023     0.010   5340510
     2.677    59.736     0.000     0.023     0.010   5350510
     2.661    60.238     0.000     0.023     0.010   5360510
     2.714    60.744     0.000     0.024     0.010   5370510
     2.745    61.245     0.000     0.024     0.010   5380510
     2.736    61.778     0.000     0.024     0.010   5410001
     2.703    62.232     0.000     0.024     0.010   5420508
     2.667    62.736     0.000     0.023     0.010   5430508
     2.659    63.262     0.000     0.023     0.010   5440001
     2.654    63.776     0.000     0.023     0.010   5450001
     2.657    64.258     0.000     0.023     0.010   5460001
     2.640    64.725     0.000     0.023     0.010   5470001
     2.621    65.240     0.000     0.023     0.010   5480001
     2.637    65.768     0.000     0.023     0.010   6110023
     2.661    66.275     0.000     0.023     0.010   6110005
     2.693    66.734     0.000     0.024     0.010   6110001
     2.659    67.216     0.000     0.023     0.010   6120001
     2.661    67.744     0.000     0.023     0.010   6130001
     2.664    68.265     0.000     0.023     0.010   6140001
     2.669    68.771     0.000     0.023     0.010   6150001
     2.690    69.231     0.000     0.023     0.010   6160001
     2.659    69.716     0.000     0.023     0.010   6170001
     2.661    70.246     0.000     0.023     0.010   6180001
     2.663    70.767     0.000     0.023     0.010   6210001
     2.667    71.271     0.000     0.023     0.010   6220001
     2.686    71.728     0.000     0.023     0.010   6230001
     2.657    72.220     0.000     0.023     0.010   6240001
     2.658    72.752     0.000     0.023     0.010   6250001
     2.662    73.271     0.000     0.023     0.010   6260001
     2.670    73.770     0.000     0.023     0.010   6270001
     2.683    74.225     0.000     0.023     0.010   6280001
     2.658    74.725     0.000     0.023     0.010   6310001
     2.659    75.258     0.000     0.023     0.010   6320001
     2.664    75.779     0.000     0.023     0.010   6330001
     2.675    76.276     0.000     0.023     0.010   6340001
     2.679    76.730     0.000     0.023     0.010   6350003
     2.656    77.235     0.000     0.023     0.010   6350001
     2.657    77.768     0.000     0.023     0.010   6360001
     2.662    78.285     0.000     0.023     0.010   6370001
     2.679    78.764     0.000     0.023     0.010   6380001
     2.673    79.216     0.000     0.023     0.010   6410001
     2.653    79.734     0.000     0.023     0.010   6420001
     2.656    80.267     0.000     0.023     0.010   6430001
     2.664    80.782     0.000     0.023     0.010   6440001
     2.693    81.237     0.000     0.024     0.010   6450001
     2.663    81.697     0.000     0.023     0.010   6460001
     2.795    82.211     0.000     0.024     0.010   6470001
     2.894    82.659     0.000     0.025     0.010   6480001
     2.528    83.354     0.000     0.022     0.010   7110154
     2.611    83.820     0.000     0.023     0.010   7110054
     2.709    84.204     0.000     0.024     0.010   7110001
     2.652    84.694     0.000     0.023     0.010   7120001
     2.654    85.253     0.000     0.023     0.010   7130001
     2.659    85.797     0.000     0.023     0.010   7140001
     2.676    86.309     0.000     0.023     0.010   7150001
     2.724    86.718     0.000     0.024     0.010   7160001
     2.651    87.222     0.000     0.023     0.010   7170007
     2.640    87.795     0.000     0.023     0.010   7170001
     2.634    88.348     0.000     0.023     0.010   7180001
     2.638    88.844     0.000     0.023     0.010   7210001
     2.774    89.054     0.000     0.024     0.010   7220001
     2.657    89.605     0.000     0.023     0.010   7230001
     2.658    90.200     0.000     0.023     0.010   7240001
     2.657    90.794     0.000     0.023     0.010   7250001
     2.657    91.389     0.000     0.023     0.010   7260001
     2.778    91.894     0.000     0.024     0.010   7270001
     2.653    92.194     0.000     0.023     0.010   7270125
     2.647    92.712     0.000     0.023     0.010   7280079
     2.646    93.263     0.000     0.023     0.010   7310051
     2.648    93.828     0.000     0.023     0.010   7320033
     2.729    94.288     0.000     0.024     0.010   7330023
     2.661    94.689     0.000     0.023     0.010   7330163
     2.652    95.207     0.000     0.023     0.010   7340127
     2.656    95.753     0.000     0.023     0.010   7350104
     2.673    96.292     0.000     0.023     0.010   7360088
     2.692    96.740     0.000     0.023     0.010   7360233
     2.665    97.209     0.000     0.023     0.010   7370176
     2.659    97.732     0.000     0.023     0.010   7380148
     2.655    98.274     0.000     0.023     0.010   7410129
     2.681    98.789     0.000     0.023     0.010   7420113
     2.679    99.234     0.000     0.023     0.010   7420223
     2.663    99.720     0.000     0.023     0.010   7430184
     2.658   100.243     0.000     0.023     0.010   7440161
     2.655   100.779     0.000     0.023     0.010   7450141
     2.665   101.271     0.000     0.023     0.010   7460132
     2.606   101.708     0.000     0.023     0.010   7460223
     2.577   102.201     0.000     0.022     0.010   7470188
     2.636   102.730     0.000     0.023     0.010   7480168
     2.830   103.261     0.000     0.025     0.010   8110044
     2.773   103.755     0.000     0.024     0.010   8110083
     2.711   104.260     0.000     0.024     0.010   8110128
     2.661   104.722     0.000     0.023     0.010   8110189
     2.658   105.247     0.000     0.023     0.010   8120173
     2.656   105.782     0.000     0.023     0.010   8130160
     2.691   106.268     0.000     0.023     0.010   8140147
     2.667   106.725     0.000     0.023     0.010   8140213
     2.660   107.232     0.000     0.023     0.010   8150192
     2.658   107.755     0.000     0.023     0.010   8160175
     2.656   108.289     0.000     0.023     0.010   8170163
     2.691   108.768     0.000     0.023     0.010   8180154
     2.665   109.227     0.000     0.023     0.010   8180213
     2.661   109.737     0.000     0.023     0.010   8210193
     2.658   110.261     0.000     0.023     0.010   8220179
     2.667   110.780     0.000     0.023     0.010   8230171
     2.678   111.249     0.000     0.023     0.010   8230246
     2.665   111.728     0.000     0.023     0.010   8240213
     2.662   112.240     0.000     0.023     0.010   8250196
     2.660   112.764     0.000     0.023     0.010   8260182
     2.674   113.274     0.000     0.023     0.010   8270173
     2.677   113.742     0.000     0.023     0.010   8270238
     2.665   114.231     0.000     0.023     0.010   8280213
     2.656   114.740     0.000     0.023     0.010   8310199
     2.633   115.266     0.000     0.023     0.010   8320188
     2.634   115.771     0.000     0.023     0.010   8330178
     2.640   116.230     0.000     0.023     0.010   8330235
     2.642   116.728     0.000     0.023     0.010   8340213
     2.647   117.244     0.000     0.023     0.010   8350199
     2.657   117.773     0.000     0.023     0.010   8360191
     2.692   118.267     0.000     0.023     0.010   8370178
     2.694   118.725     0.000     0.024     0.010   8370228
     2.706   119.222     0.000     0.024     0.010   8380213
     2.759   119.755     0.000     0.024     0.010   9110127
     2.733   120.255     0.000     0.024     0.010   9110150
     2.696   120.759     0.000     0.024     0.010   9110176
     2.669   121.233     0.000     0.023     0.010   9110216
     2.666   121.747     0.000     0.023     0.010   9120201
     2.666   122.269     0.000     0.023     0.010   9130194
     2.684   122.761     0.000     0.023     0.010   9140184
     2.674   123.233     0.000     0.023     0.010   9140229
     2.671   123.736     0.000     0.023     0.010   9150214
     2.667   124.251     0.000     0.023     0.010   9160203
     2.667   124.772     0.000     0.023     0.010   9170196
     2.692   125.260     0.000     0.023     0.010   9180188
     2.674   125.734     0.000     0.023     0.010   9180229
     2.672   126.237     0.000     0.023     0.010   9210219
     2.669   126.753     0.000     0.023     0.010   9220207
     2.665   127.275     0.000     0.023     0.010   9230198
     2.677   127.758     0.000     0.023     0.010   9240193
     2.649   128.231     0.000     0.023     0.010   9240230
     2.633   128.737     0.000     0.023     0.010   9250217
     2.621   129.255     0.000     0.023     0.010   9260208
     2.614   129.770     0.000     0.023     0.010   9270199
     2.608   130.243     0.000     0.023     0.010   9270248
     2.591   130.725     0.000     0.023     0.010   9280228
     2.578   131.236     0.000     0.022     0.010   9310215
     2.567   131.760     0.000     0.022     0.010   9320208
     2.565   132.270     0.000     0.022     0.010   9330201
     2.555   132.729     0.000     0.022     0.010   9330243
     2.543   133.216     0.000     0.022     0.010   9340226
     2.533   133.732     0.000     0.022     0.010   9350217
     2.525   134.272     0.000     0.022     0.010   9360208
     2.522   134.781     0.000     0.022     0.010   9370200
     2.511   135.188     0.000     0.022     0.010   9370239
     2.503   135.627     0.000     0.022     0.010   9380224
