 267
     2.500     2.748     0.000     0.022     0.010   3310249
     2.501     3.293     0.000     0.022     0.010   3310243
     2.501     3.798     0.000     0.022     0.010   3310238
     2.503     4.300     0.000     0.022     0.010   2480248
     2.505     4.767     0.000     0.022     0.010   2470248
     2.507     5.243     0.000     0.022     0.010   2470237
     2.508     5.747     0.000     0.022     0.010   2460238
     2.509     6.259     0.000     0.022     0.010   2450240
     2.511     6.755     0.000     0.022     0.010   2440245
     2.512     7.252     0.000     0.022     0.010   2430251
     2.514     7.748     0.000     0.022     0.010   2430237
     2.515     8.254     0.000     0.022     0.010   2420236
     2.517     8.761     0.000     0.022     0.010   2410239
     2.519     9.255     0.000     0.022     0.010   2380243
     2.521     9.752     0.000     0.022     0.010   2370249
     2.524    10.247     0.000     0.022     0.010   2370232
     2.525    10.751     0.000     0.022     0.010   2360234
     2.528    11.259     0.000     0.022     0.010   2350236
     2.531    11.755     0.000     0.022     0.010   2340242
     2.533    12.252     0.000     0.022     0.010   2330250
     2.536    12.749     0.000     0.022     0.010   2330230
     2.538    13.254     0.000     0.022     0.010   2320233
     2.542    13.755     0.000     0.022     0.010   2310236
     2.545    14.249     0.000     0.022     0.010   2280243
     2.548    14.747     0.000     0.022     0.010   2270251
     2.551    15.249     0.000     0.022     0.010   2270227
     2.554    15.756     0.000     0.022     0.010   2260232
     2.558    16.255     0.000     0.022     0.010   2250233
     2.562    16.749     0.000     0.022     0.010   2240241
     2.566    17.244     0.000     0.022     0.010   2240222
     2.572    17.742     0.000     0.022     0.010   2230227
     2.579    18.252     0.000     0.023     0.010   2220230
     2.583    18.760     0.000     0.023     0.010   2210234
     2.587    19.252     0.000     0.023     0.010   2180240
     2.590    19.745     0.000     0.023     0.010   2180219
     2.592    20.247     0.000     0.023     0.010   2170224
     2.596    20.754     0.000     0.023     0.010   2160229
     2.603    21.256     0.000     0.023     0.010   2150234
     2.608    21.750     0.000     0.023     0.010   2140242
     2.613    22.246     0.000     0.023     0.010   2140219
     2.616    22.750     0.000     0.023     0.010   2130223
     2.622    23.257     0.000     0.023     0.010   2120228
     2.630    23.754     0.000     0.023     0.010   2110233
     2.637    24.243     0.000     0.023     0.010   2110212
     2.649    24.750     0.000     0.023     0.010   2110198
     2.658    25.254     0.000     0.023     0.010   2110187
     2.661    25.760     0.000     0.023     0.010   1480233
     2.669    26.254     0.000     0.023     0.010   1470244
     2.673    26.743     0.000     0.023     0.010   1470219
     2.675    27.246     0.000     0.023     0.010   1460222
     2.682    27.755     0.000     0.023     0.010   1450230
     2.692    28.258     0.000     0.023     0.010   1440237
     2.703    28.752     0.000     0.024     0.010   1430241
     2.707    29.243     0.000     0.024     0.010   1430213
     2.711    29.747     0.000     0.024     0.010   1420220
     2.720    30.255     0.000     0.024     0.010   1410227
     2.731    30.759     0.000     0.024     0.010   1380237
     2.726    31.246     0.000     0.024     0.010   1370246
     2.716    31.741     0.000     0.024     0.010   1370215
     2.701    32.246     0.000     0.024     0.010   1360221
     2.696    32.753     0.000     0.024     0.010   1350226
     2.694    33.256     0.000     0.024     0.010   1340239
     2.692    33.749     0.000     0.023     0.010   1330247
     2.682    34.242     0.000     0.023     0.010   1330212
     2.675    34.749     0.000     0.023     0.010   1320219
     2.675    35.258     0.000     0.023     0.010   1310235
     2.677    35.760     0.000     0.023     0.010   1280238
     2.681    36.244     0.000     0.023     0.010   1270255
     2.672    36.739     0.000     0.023     0.010   1270214
     2.669    37.251     0.000     0.023     0.010   1260221
     2.670    37.760     0.000     0.023     0.010   1250213
     2.671    38.257     0.000     0.023     0.010   1240236
     2.673    38.739     0.000     0.023     0.010   1240206
     2.679    39.240     0.000     0.023     0.010   1230212
     2.689    39.749     0.000     0.023     0.010   1220217
     2.701    40.254     0.000     0.024     0.010   1210228
     2.687    40.750     0.000     0.023     0.010   1180231
     2.689    41.248     0.000     0.023     0.010   1180200
     2.680    41.747     0.000     0.023     0.010   1170205
     2.679    42.256     0.000     0.023     0.010   1160212
     2.681    42.751     0.000     0.023     0.010   1150221
     2.675    43.249     0.000     0.023     0.010   1140233
     2.677    43.747     0.000     0.023     0.010   1140198
     2.667    44.248     0.000     0.023     0.010   1130204
     2.672    44.755     0.000     0.023     0.010   1120212
     2.670    45.250     0.000     0.023     0.010   1110221
     2.674    45.740     0.000     0.023     0.010   1110191
     2.683    46.251     0.000     0.023     0.010   1110170
     2.689    46.758     0.000     0.023     0.010   1110153
     2.696    47.250     0.000     0.024     0.010   1110138
     2.693    47.738     0.000     0.024     0.010   1110124
     2.690    48.245     0.000     0.023     0.010   1110111
     2.699    48.756     0.000     0.024     0.010   1110099
     2.709    49.261     0.000     0.024     0.010   1110087
     2.720    49.747     0.000     0.024     0.010   1110076
     2.705    50.234     0.000     0.024     0.010   1110064
     2.704    50.745     0.000     0.024     0.010   1110053
     2.702    51.257     0.000     0.024     0.010   1110042
     2.702    51.762     0.000     0.024     0.010   1110032
     2.708    52.240     0.000     0.024     0.010   1110021
     2.680    52.729     0.000     0.023     0.010   1110010
     2.670    53.247     0.000     0.023     0.010   1110001
     2.660    53.761     0.000     0.023     0.010   1110505
     2.660    54.265     0.000     0.023     0.010   5230001
     2.671    54.736     0.000     0.023     0.010   5240001
     2.653    55.228     0.000     0.023     0.010   5250001
     2.654    55.750     0.000     0.023     0.010   5260001
     2.656    56.265     0.000     0.023     0.010   5270001
     2.662    56.766     0.000     0.023     0.010   5280001
     2.669    57.236     0.000     0.023     0.010   5310001
     2.653    57.733     0.000     0.023     0.010   5320001
     2.652    58.255     0.000     0.023     0.010   5330001
     2.656    58.767     0.000     0.023     0.010   5340001
     2.662    59.261     0.000     0.023     0.010   5350001
     2.665    59.731     0.000     0.023     0.010   5360001
     2.651    60.234     0.000     0.023     0.010   5370001
     2.701    60.738     0.000     0.024     0.010   5380001
     2.736    61.237     0.000     0.024     0.010   5410001
     2.720    61.773     0.000     0.024     0.010   5420001
     2.689    62.227     0.000     0.023     0.010   5430001
     2.654    62.733     0.000     0.023     0.010   5440001
     2.646    63.260     0.000     0.023     0.010   5450001
     2.640    63.776     0.000     0.023     0.010   5460001
     2.641    64.258     0.000     0.023     0.010   5470001
     2.623    64.722     0.000     0.023     0.010   5480001
     2.614    65.242     0.000     0.023     0.010   6110035
     2.637    65.767     0.000     0.023     0.010   6110016
     2.658    66.273     0.000     0.023     0.010   6110001
     2.680    66.736     0.000     0.023     0.010   6120001
     2.649    67.215     0.000     0.023     0.010   6130001
     2.651    67.747     0.000     0.023     0.010   6140001
     2.653    68.270     0.000     0.023     0.010   6150001
     2.658    68.776     0.000     0.023     0.010   6160001
     2.679    69.236     0.000     0.023     0.010   6160512
     2.648    69.720     0.000     0.023     0.010   6170001
     2.650    70.252     0.000     0.023     0.010   6180510
     2.649    70.772     0.000     0.023     0.010   6210511
     2.658    71.275     0.000     0.023     0.010   6220001
     2.673    71.732     0.000     0.023     0.010   6230001
     2.645    72.220     0.000     0.023     0.010   6240001
     2.647    72.751     0.000     0.023     0.010   6250001
     2.650    73.271     0.000     0.023     0.010   6260001
     2.659    73.770     0.000     0.023     0.010   6270001
     2.671    74.225     0.000     0.023     0.010   6280001
     2.646    74.723     0.000     0.023     0.010   6310001
     2.648    75.255     0.000     0.023     0.010   6320001
     2.652    75.774     0.000     0.023     0.010   6330001
     2.664    76.267     0.000     0.023     0.010   6340001
     2.669    76.721     0.000     0.023     0.010   6350001
     2.646    77.228     0.000     0.023     0.010   6360001
     2.649    77.765     0.000     0.023     0.010   6370001
     2.654    78.288     0.000     0.023     0.010   6380001
     2.669    78.773     0.000     0.023     0.010   6410001
     2.661    79.222     0.000     0.023     0.010   6410512
     2.641    79.738     0.000     0.023     0.010   6450140
     2.645    80.272     0.000     0.023     0.010   6450073
     2.652    80.786     0.000     0.023     0.010   6450017
     2.681    81.239     0.000     0.023     0.010   6450001
     2.652    81.696     0.000     0.023     0.010   6460001
     2.781    82.206     0.000     0.024     0.010   6470001
     2.880    82.624     0.000     0.025     0.010   6480001
     2.528    83.354     0.000     0.022     0.010   7110150
     2.611    83.820     0.000     0.023     0.010   7110048
     2.697    84.199     0.000     0.024     0.010   7110001
     2.641    84.689     0.000     0.023     0.010   7120001
     2.643    85.249     0.000     0.023     0.010   7130001
     2.648    85.793     0.000     0.023     0.010   7140001
     2.664    86.303     0.000     0.023     0.010   7150001
     2.712    86.704     0.000     0.024     0.010   7160001
     2.648    87.219     0.000     0.023     0.010   7170001
     2.633    87.803     0.000     0.023     0.010   7180017
     2.622    88.361     0.000     0.023     0.010   7180001
     2.622    88.859     0.000     0.023     0.010   7210001
     2.762    89.050     0.000     0.024     0.010   7220001
     2.647    89.604     0.000     0.023     0.010   7230001
     2.648    90.200     0.000     0.023     0.010   7240001
     2.647    90.797     0.000     0.023     0.010   7250001
     2.648    91.393     0.000     0.023     0.010   7260001
     2.766    91.902     0.000     0.024     0.010   7270001
     2.641    92.188     0.000     0.023     0.010   7270121
     2.635    92.706     0.000     0.023     0.010   7280073
     2.634    93.258     0.000     0.023     0.010   7310045
     2.637    93.824     0.000     0.023     0.010   7320026
     2.716    94.277     0.000     0.024     0.010   7330015
     2.652    94.680     0.000     0.023     0.010   7330160
     2.648    95.208     0.000     0.023     0.010   7340123
     2.645    95.760     0.000     0.023     0.010   7350099
     2.662    96.300     0.000     0.023     0.010   7360082
     2.681    96.746     0.000     0.023     0.010   7360232
     2.653    97.212     0.000     0.023     0.010   7370173
     2.645    97.735     0.000     0.023     0.010   7380146
     2.644    98.277     0.000     0.023     0.010   7410125
     2.669    98.793     0.000     0.023     0.010   7420105
     2.667    99.235     0.000     0.023     0.010   7420222
     2.651    99.719     0.000     0.023     0.010   7430182
     2.646   100.239     0.000     0.023     0.010   7440158
     2.644   100.776     0.000     0.023     0.010   7450137
     2.665   101.272     0.000     0.023     0.010   7460127
     2.607   101.707     0.000     0.023     0.010   7460220
     2.558   102.189     0.000     0.022     0.010   7470186
     2.620   102.725     0.000     0.023     0.010   7480166
     2.819   103.264     0.000     0.025     0.010   8110037
     2.763   103.765     0.000     0.024     0.010   8110078
     2.698   104.269     0.000     0.024     0.010   8110124
     2.650   104.727     0.000     0.023     0.010   8110187
     2.647   105.251     0.000     0.023     0.010   8120170
     2.644   105.788     0.000     0.023     0.010   8130157
     2.678   106.274     0.000     0.023     0.010   8140143
     2.655   106.727     0.000     0.023     0.010   8140212
     2.650   107.233     0.000     0.023     0.010   8150190
     2.647   107.757     0.000     0.023     0.010   8160173
     2.644   108.291     0.000     0.023     0.010   8170160
     2.679   108.768     0.000     0.023     0.010   8180151
     2.654   109.224     0.000     0.023     0.010   8180212
     2.649   109.733     0.000     0.023     0.010   8210191
     2.647   110.256     0.000     0.023     0.010   8220177
     2.655   110.774     0.000     0.023     0.010   8230168
     2.668   111.243     0.000     0.023     0.010   8230246
     2.654   111.723     0.000     0.023     0.010   8240212
     2.651   112.235     0.000     0.023     0.010   8250194
     2.650   112.760     0.000     0.023     0.010   8260180
     2.664   113.269     0.000     0.023     0.010   8270171
     2.664   113.737     0.000     0.023     0.010   8270237
     2.657   114.226     0.000     0.023     0.010   8280212
     2.651   114.741     0.000     0.023     0.010   8310197
     2.632   115.265     0.000     0.023     0.010   8320186
     2.630   115.767     0.000     0.023     0.010   8330176
     2.624   116.230     0.000     0.023     0.010   8330234
     2.627   116.727     0.000     0.023     0.010   8340211
     2.634   117.246     0.000     0.023     0.010   8350197
     2.641   117.776     0.000     0.023     0.010   8360189
     2.677   118.271     0.000     0.023     0.010   8370175
     2.680   118.727     0.000     0.023     0.010   8370227
     2.692   119.222     0.000     0.023     0.010   8380212
     2.748   119.756     0.000     0.024     0.010   9110123
     2.720   120.259     0.000     0.024     0.010   9110146
     2.685   120.764     0.000     0.023     0.010   9110174
     2.657   121.235     0.000     0.023     0.010   9110214
     2.655   121.749     0.000     0.023     0.010   9120199
     2.653   122.271     0.000     0.023     0.010   9130192
     2.674   122.763     0.000     0.023     0.010   9140182
     2.662   123.233     0.000     0.023     0.010   9140229
     2.659   123.736     0.000     0.023     0.010   9150213
     2.656   124.250     0.000     0.023     0.010   9160202
     2.655   124.771     0.000     0.023     0.010   9170194
     2.676   125.259     0.000     0.023     0.010   9180186
     2.665   125.732     0.000     0.023     0.010   9180229
     2.659   126.236     0.000     0.023     0.010   9210218
     2.658   126.753     0.000     0.023     0.010   9220206
     2.656   127.277     0.000     0.023     0.010   9230196
     2.674   127.760     0.000     0.023     0.010   9240191
     2.650   128.230     0.000     0.023     0.010   9240230
     2.634   128.736     0.000     0.023     0.010   9250216
     2.620   129.253     0.000     0.023     0.010   9260206
     2.615   129.767     0.000     0.023     0.010   9270198
     2.607   130.241     0.000     0.023     0.010   9270248
     2.591   130.725     0.000     0.023     0.010   9280227
     2.578   131.236     0.000     0.022     0.010   9310214
     2.568   131.761     0.000     0.022     0.010   9320207
     2.564   132.270     0.000     0.022     0.010   9330199
     2.555   132.729     0.000     0.022     0.010   9330243
     2.543   133.217     0.000     0.022     0.010   9340225
     2.533   133.734     0.000     0.022     0.010   9350216
     2.524   134.273     0.000     0.022     0.010   9360207
     2.522   134.778     0.000     0.022     0.010   9370199
     2.512   135.186     0.000     0.022     0.010   9370239
     2.503   135.628     0.000     0.022     0.010   9380224
