 267
     2.500     2.741     0.000     0.022     0.010   3310251
     2.501     3.286     0.000     0.022     0.010   3310245
     2.501     3.800     0.000     0.022     0.010   3310240
     2.502     4.283     0.000     0.022     0.010   2480249
     2.505     4.766     0.000     0.022     0.010   2470248
     2.507     5.246     0.000     0.022     0.010   2470238
     2.508     5.747     0.000     0.022     0.010   2460239
     2.509     6.256     0.000     0.022     0.010   2450241
     2.511     6.749     0.000     0.022     0.010   2440245
     2.512     7.244     0.000     0.022     0.010   2430251
     2.514     7.745     0.000     0.022     0.010   2430237
     2.515     8.251     0.000     0.022     0.010   2420236
     2.517     8.757     0.000     0.022     0.010   2410239
     2.520     9.250     0.000     0.022     0.010   2380245
     2.521     9.748     0.000     0.022     0.010   2370249
     2.523    10.249     0.000     0.022     0.010   2370232
     2.525    10.754     0.000     0.022     0.010   2360235
     2.528    11.259     0.000     0.022     0.010   2350237
     2.531    11.756     0.000     0.022     0.010   2340242
     2.533    12.252     0.000     0.022     0.010   2330250
     2.536    12.750     0.000     0.022     0.010   2330230
     2.538    13.253     0.000     0.022     0.010   2320233
     2.542    13.753     0.000     0.022     0.010   2310236
     2.545    14.249     0.000     0.022     0.010   2280243
     2.548    14.749     0.000     0.022     0.010   2270251
     2.551    15.249     0.000     0.022     0.010   2270228
     2.554    15.755     0.000     0.022     0.010   2260232
     2.559    16.258     0.000     0.022     0.010   2250234
     2.562    16.752     0.000     0.022     0.010   2240241
     2.567    17.245     0.000     0.022     0.010   2240222
     2.572    17.741     0.000     0.022     0.010   2230227
     2.579    18.249     0.000     0.023     0.010   2220231
     2.583    18.759     0.000     0.023     0.010   2210235
     2.587    19.252     0.000     0.023     0.010   2180241
     2.590    19.745     0.000     0.023     0.010   2180220
     2.592    20.245     0.000     0.023     0.010   2170224
     2.597    20.754     0.000     0.023     0.010   2160229
     2.603    21.257     0.000     0.023     0.010   2150234
     2.608    21.750     0.000     0.023     0.010   2140242
     2.614    22.246     0.000     0.023     0.010   2140219
     2.616    22.749     0.000     0.023     0.010   2130224
     2.622    23.253     0.000     0.023     0.010   2120228
     2.631    23.753     0.000     0.023     0.010   2110233
     2.638    24.243     0.000     0.023     0.010   2110213
     2.649    24.747     0.000     0.023     0.010   2110199
     2.658    25.252     0.000     0.023     0.010   2110188
     2.661    25.760     0.000     0.023     0.010   1480232
     2.670    26.253     0.000     0.023     0.010   1470245
     2.673    26.742     0.000     0.023     0.010   1470220
     2.675    27.247     0.000     0.023     0.010   1460220
     2.683    27.756     0.000     0.023     0.010   1450232
     2.692    28.259     0.000     0.023     0.010   1440236
     2.703    28.751     0.000     0.024     0.010   1430242
     2.708    29.245     0.000     0.024     0.010   1430214
     2.711    29.749     0.000     0.024     0.010   1420219
     2.721    30.255     0.000     0.024     0.010   1410226
     2.731    30.757     0.000     0.024     0.010   1380243
     2.727    31.246     0.000     0.024     0.010   1370246
     2.718    31.743     0.000     0.024     0.010   1370216
     2.718    32.245     0.000     0.024     0.010   1360222
     2.708    32.753     0.000     0.024     0.010   1350226
     2.703    33.257     0.000     0.024     0.010   1340255
     2.701    33.747     0.000     0.024     0.010   1330247
     2.692    34.239     0.000     0.023     0.010   1330213
     2.684    34.747     0.000     0.023     0.010   1320219
     2.681    35.256     0.000     0.023     0.010   1310230
     2.683    35.757     0.000     0.023     0.010   1280237
     2.686    36.245     0.000     0.023     0.010   1270254
     2.679    36.739     0.000     0.023     0.010   1270214
     2.678    37.252     0.000     0.023     0.010   1260225
     2.675    37.761     0.000     0.023     0.010   1250226
     2.678    38.256     0.000     0.023     0.010   1240236
     2.679    38.739     0.000     0.023     0.010   1240206
     2.685    39.241     0.000     0.023     0.010   1230214
     2.693    39.750     0.000     0.023     0.010   1220220
     2.703    40.254     0.000     0.024     0.010   1210241
     2.692    40.749     0.000     0.023     0.010   1180233
     2.697    41.248     0.000     0.024     0.010   1180202
     2.686    41.747     0.000     0.023     0.010   1170207
     2.686    42.255     0.000     0.023     0.010   1160214
     2.686    42.752     0.000     0.023     0.010   1150222
     2.682    43.250     0.000     0.023     0.010   1140234
     2.683    43.748     0.000     0.023     0.010   1140200
     2.674    44.250     0.000     0.023     0.010   1130206
     2.678    44.756     0.000     0.023     0.010   1120213
     2.675    45.250     0.000     0.023     0.010   1110223
     2.679    45.742     0.000     0.023     0.010   1110193
     2.688    46.252     0.000     0.023     0.010   1110173
     2.697    46.757     0.000     0.024     0.010   1110156
     2.705    47.252     0.000     0.024     0.010   1110141
     2.703    47.739     0.000     0.024     0.010   1110127
     2.699    48.245     0.000     0.024     0.010   1110114
     2.704    48.756     0.000     0.024     0.010   1110102
     2.713    49.261     0.000     0.024     0.010   1110090
     2.727    49.746     0.000     0.024     0.010   1110079
     2.713    50.231     0.000     0.024     0.010   1110068
     2.710    50.744     0.000     0.024     0.010   1110057
     2.710    51.258     0.000     0.024     0.010   1110046
     2.714    51.760     0.000     0.024     0.010   1110035
     2.719    52.238     0.000     0.024     0.010   1110025
     2.690    52.728     0.000     0.023     0.010   1110014
     2.682    53.247     0.000     0.023     0.010   1110003
     2.670    53.762     0.000     0.023     0.010   1110001
     2.667    54.267     0.000     0.023     0.010   1110510
     2.675    54.738     0.000     0.023     0.010   5240001
     2.657    55.231     0.000     0.023     0.010   5250001
     2.659    55.753     0.000     0.023     0.010   5260001
     2.661    56.266     0.000     0.023     0.010   5270001
     2.666    56.765     0.000     0.023     0.010   5280001
     2.674    57.235     0.000     0.023     0.010   5310001
     2.658    57.734     0.000     0.023     0.010   5320001
     2.657    58.253     0.000     0.023     0.010   5330001
     2.661    58.764     0.000     0.023     0.010   5340001
     2.666    59.261     0.000     0.023     0.010   5350001
     2.670    59.732     0.000     0.023     0.010   5360001
     2.656    60.234     0.000     0.023     0.010   5370001
     2.706    60.742     0.000     0.024     0.010   5380001
     2.741    61.248     0.000     0.024     0.010   5410001
     2.727    61.779     0.000     0.024     0.010   5420001
     2.695    62.229     0.000     0.024     0.010   5430001
     2.660    62.737     0.000     0.023     0.010   5440001
     2.651    63.264     0.000     0.023     0.010   5450001
     2.648    63.776     0.000     0.023     0.010   5460001
     2.647    64.259     0.000     0.023     0.010   5470001
     2.630    64.726     0.000     0.023     0.010   5480001
     2.614    65.244     0.000     0.023     0.010   6110038
     2.637    65.768     0.000     0.023     0.010   6110019
     2.662    66.276     0.000     0.023     0.010   6110001
     2.685    66.739     0.000     0.023     0.010   6110512
     2.654    67.218     0.000     0.023     0.010   6120511
     2.654    67.748     0.000     0.023     0.010   6130511
     2.657    68.268     0.000     0.023     0.010   6140510
     2.663    68.773     0.000     0.023     0.010   6150001
     2.682    69.234     0.000     0.023     0.010   6160001
     2.653    69.716     0.000     0.023     0.010   6170001
     2.655    70.248     0.000     0.023     0.010   6180001
     2.656    70.770     0.000     0.023     0.010   6210001
     2.661    71.274     0.000     0.023     0.010   6220001
     2.680    71.730     0.000     0.023     0.010   6230001
     2.650    72.220     0.000     0.023     0.010   6240001
     2.652    72.751     0.000     0.023     0.010   6250001
     2.656    73.271     0.000     0.023     0.010   6260001
     2.663    73.770     0.000     0.023     0.010   6270001
     2.676    74.224     0.000     0.023     0.010   6280001
     2.651    74.723     0.000     0.023     0.010   6310001
     2.653    75.256     0.000     0.023     0.010   6320001
     2.657    75.777     0.000     0.023     0.010   6330001
     2.668    76.271     0.000     0.023     0.010   6340001
     2.675    76.725     0.000     0.023     0.010   6350001
     2.651    77.232     0.000     0.023     0.010   6360001
     2.654    77.770     0.000     0.023     0.010   6370001
     2.656    78.290     0.000     0.023     0.010   6380003
     2.673    78.769     0.000     0.023     0.010   6380001
     2.665    79.217     0.000     0.023     0.010   6410001
     2.647    79.735     0.000     0.023     0.010   6420001
     2.650    80.269     0.000     0.023     0.010   6430001
     2.658    80.784     0.000     0.023     0.010   6440001
     2.686    81.238     0.000     0.023     0.010   6450001
     2.656    81.695     0.000     0.023     0.010   6460001
     2.787    82.208     0.000     0.024     0.010   6470001
     2.887    82.641     0.000     0.025     0.010   6480001
     2.528    83.354     0.000     0.022     0.010   7110152
     2.611    83.820     0.000     0.023     0.010   7110051
     2.702    84.201     0.000     0.024     0.010   7110001
     2.646    84.691     0.000     0.023     0.010   7120001
     2.648    85.251     0.000     0.023     0.010   7130001
     2.652    85.795     0.000     0.023     0.010   7140001
     2.669    86.305     0.000     0.023     0.010   7150001
     2.717    86.710     0.000     0.024     0.010   7160001
     2.651    87.221     0.000     0.023     0.010   7170003
     2.634    87.801     0.000     0.023     0.010   7170001
     2.627    88.355     0.000     0.023     0.010   7180001
     2.628    88.853     0.000     0.023     0.010   7210001
     2.767    89.051     0.000     0.024     0.010   7220001
     2.652    89.604     0.000     0.023     0.010   7230001
     2.652    90.200     0.000     0.023     0.010   7240001
     2.651    90.796     0.000     0.023     0.010   7250001
     2.652    91.391     0.000     0.023     0.010   7260001
     2.772    91.898     0.000     0.024     0.010   7270001
     2.646    92.190     0.000     0.023     0.010   7270123
     2.640    92.709     0.000     0.023     0.010   7280076
     2.640    93.261     0.000     0.023     0.010   7310048
     2.642    93.827     0.000     0.023     0.010   7320030
     2.721    94.283     0.000     0.024     0.010   7330019
     2.654    94.682     0.000     0.023     0.010   7330162
     2.652    95.206     0.000     0.023     0.010   7340125
     2.650    95.757     0.000     0.023     0.010   7350102
     2.667    96.297     0.000     0.023     0.010   7360085
     2.685    96.744     0.000     0.023     0.010   7360233
     2.659    97.211     0.000     0.023     0.010   7370175
     2.653    97.733     0.000     0.023     0.010   7380146
     2.648    98.276     0.000     0.023     0.010   7410127
     2.674    98.793     0.000     0.023     0.010   7420112
     2.673    99.236     0.000     0.023     0.010   7420223
     2.656    99.721     0.000     0.023     0.010   7430184
     2.651   100.242     0.000     0.023     0.010   7440160
     2.649   100.778     0.000     0.023     0.010   7450139
     2.665   101.272     0.000     0.023     0.010   7460131
     2.606   101.708     0.000     0.023     0.010   7460223
     2.564   102.194     0.000     0.022     0.010   7470187
     2.623   102.722     0.000     0.023     0.010   7480168
     2.825   103.250     0.000     0.025     0.010   8110040
     2.769   103.757     0.000     0.024     0.010   8110080
     2.704   104.265     0.000     0.024     0.010   8110126
     2.655   104.726     0.000     0.023     0.010   8110188
     2.651   105.251     0.000     0.023     0.010   8120172
     2.650   105.788     0.000     0.023     0.010   8130159
     2.683   106.274     0.000     0.023     0.010   8140145
     2.660   106.727     0.000     0.023     0.010   8140213
     2.654   107.233     0.000     0.023     0.010   8150191
     2.651   107.757     0.000     0.023     0.010   8160174
     2.650   108.292     0.000     0.023     0.010   8170162
     2.684   108.769     0.000     0.023     0.010   8180152
     2.658   109.225     0.000     0.023     0.010   8180212
     2.653   109.735     0.000     0.023     0.010   8210192
     2.652   110.259     0.000     0.023     0.010   8220178
     2.659   110.778     0.000     0.023     0.010   8230170
     2.673   111.246     0.000     0.023     0.010   8230246
     2.659   111.726     0.000     0.023     0.010   8240213
     2.655   112.237     0.000     0.023     0.010   8250195
     2.655   112.761     0.000     0.023     0.010   8260181
     2.669   113.271     0.000     0.023     0.010   8270172
     2.673   113.739     0.000     0.023     0.010   8270238
     2.660   114.229     0.000     0.023     0.010   8280212
     2.655   114.738     0.000     0.023     0.010   8310198
     2.633   115.262     0.000     0.023     0.010   8320187
     2.629   115.765     0.000     0.023     0.010   8330177
     2.630   116.228     0.000     0.023     0.010   8330235
     2.634   116.726     0.000     0.023     0.010   8340212
     2.641   117.243     0.000     0.023     0.010   8350198
     2.646   117.772     0.000     0.023     0.010   8360190
     2.685   118.264     0.000     0.023     0.010   8370177
     2.685   118.723     0.000     0.023     0.010   8370228
     2.701   119.221     0.000     0.024     0.010   8380213
     2.753   119.757     0.000     0.024     0.010   9110125
     2.724   120.256     0.000     0.024     0.010   9110148
     2.691   120.759     0.000     0.023     0.010   9110175
     2.661   121.233     0.000     0.023     0.010   9110215
     2.660   121.746     0.000     0.023     0.010   9120200
     2.660   122.269     0.000     0.023     0.010   9130193
     2.694   122.762     0.000     0.024     0.010   9140183
     2.682   123.233     0.000     0.023     0.010   9140229
     2.676   123.735     0.000     0.023     0.010   9150214
     2.661   124.249     0.000     0.023     0.010   9160203
     2.659   124.772     0.000     0.023     0.010   9170195
     2.681   125.259     0.000     0.023     0.010   9180187
     2.669   125.731     0.000     0.023     0.010   9180229
     2.665   126.238     0.000     0.023     0.010   9210219
     2.662   126.754     0.000     0.023     0.010   9220207
     2.659   127.274     0.000     0.023     0.010   9230197
     2.677   127.759     0.000     0.023     0.010   9240192
     2.650   128.231     0.000     0.023     0.010   9240231
     2.634   128.738     0.000     0.023     0.010   9250217
     2.621   129.257     0.000     0.023     0.010   9260208
     2.615   129.768     0.000     0.023     0.010   9270199
     2.609   130.239     0.000     0.023     0.010   9270248
     2.592   130.725     0.000     0.023     0.010   9280228
     2.581   131.238     0.000     0.023     0.010   9310218
     2.567   131.761     0.000     0.022     0.010   9320208
     2.565   132.271     0.000     0.022     0.010   9330200
     2.554   132.729     0.000     0.022     0.010   9330243
     2.543   133.215     0.000     0.022     0.010   9340225
     2.533   133.735     0.000     0.022     0.010   9350216
     2.524   134.276     0.000     0.022     0.010   9360208
     2.522   134.780     0.000     0.022     0.010   9370200
     2.512   135.187     0.000     0.022     0.010   9370239
     2.503   135.628     0.000     0.022     0.010   9380224
