 267
     2.500     2.758     0.000     0.022     0.010   3310251
     2.501     3.307     0.000     0.022     0.010   3310245
     2.502     3.829     0.000     0.022     0.010   3230512
     2.504     4.280     0.000     0.022     0.010   2480248
     2.504     4.744     0.000     0.022     0.010   2470248
     2.506     5.255     0.000     0.022     0.010   2470237
     2.508     5.746     0.000     0.022     0.010   2460238
     2.509     6.253     0.000     0.022     0.010   2450240
     2.511     6.751     0.000     0.022     0.010   2440244
     2.512     7.247     0.000     0.022     0.010   2430250
     2.514     7.746     0.000     0.022     0.010   2430236
     2.515     8.252     0.000     0.022     0.010   2420236
     2.517     8.757     0.000     0.022     0.010   2410239
     2.520     9.253     0.000     0.022     0.010   2380242
     2.521     9.752     0.000     0.022     0.010   2370248
     2.524    10.250     0.000     0.022     0.010   2370232
     2.525    10.752     0.000     0.022     0.010   2360234
     2.528    11.257     0.000     0.022     0.010   2350236
     2.531    11.753     0.000     0.022     0.010   2340242
     2.533    12.249     0.000     0.022     0.010   2330250
     2.536    12.746     0.000     0.022     0.010   2330229
     2.538    13.251     0.000     0.022     0.010   2320233
     2.542    13.755     0.000     0.022     0.010   2310235
     2.545    14.250     0.000     0.022     0.010   2280243
     2.548    14.749     0.000     0.022     0.010   2270251
     2.550    15.248     0.000     0.022     0.010   2270227
     2.554    15.753     0.000     0.022     0.010   2260232
     2.558    16.254     0.000     0.022     0.010   2250233
     2.562    16.749     0.000     0.022     0.010   2240240
     2.567    17.247     0.000     0.022     0.010   2240221
     2.572    17.745     0.000     0.022     0.010   2230226
     2.579    18.251     0.000     0.023     0.010   2220230
     2.583    18.759     0.000     0.023     0.010   2210234
     2.586    19.252     0.000     0.023     0.010   2180240
     2.590    19.745     0.000     0.023     0.010   2180219
     2.591    20.248     0.000     0.023     0.010   2170223
     2.597    20.756     0.000     0.023     0.010   2160228
     2.603    21.258     0.000     0.023     0.010   2150234
     2.608    21.753     0.000     0.023     0.010   2140241
     2.613    22.248     0.000     0.023     0.010   2140218
     2.615    22.750     0.000     0.023     0.010   2130223
     2.621    23.257     0.000     0.023     0.010   2120227
     2.630    23.756     0.000     0.023     0.010   2110232
     2.637    24.243     0.000     0.023     0.010   2110212
     2.648    24.749     0.000     0.023     0.010   2110198
     2.658    25.253     0.000     0.023     0.010   2110186
     2.660    25.759     0.000     0.023     0.010   1480231
     2.668    26.253     0.000     0.023     0.010   1470243
     2.671    26.741     0.000     0.023     0.010   1470216
     2.674    27.247     0.000     0.023     0.010   1460221
     2.680    27.755     0.000     0.023     0.010   1450227
     2.689    28.257     0.000     0.023     0.010   1440240
     2.702    28.750     0.000     0.024     0.010   1430241
     2.705    29.243     0.000     0.024     0.010   1430213
     2.709    29.748     0.000     0.024     0.010   1420218
     2.718    30.256     0.000     0.024     0.010   1410223
     2.721    30.753     0.000     0.024     0.010   1380241
     2.726    31.250     0.000     0.024     0.010   1370246
     2.728    31.742     0.000     0.024     0.010   1370213
     2.706    32.245     0.000     0.024     0.010   1360217
     2.697    32.753     0.000     0.024     0.010   1350224
     2.687    33.258     0.000     0.023     0.010   1340241
     2.691    33.749     0.000     0.023     0.010   1330246
     2.678    34.240     0.000     0.023     0.010   1330209
     2.673    34.747     0.000     0.023     0.010   1320216
     2.673    35.256     0.000     0.023     0.010   1310227
     2.674    35.758     0.000     0.023     0.010   1280232
     2.678    36.244     0.000     0.023     0.010   1270251
     2.671    36.740     0.000     0.023     0.010   1270208
     2.668    37.252     0.000     0.023     0.010   1260219
     2.668    37.760     0.000     0.023     0.010   1250222
     2.671    38.257     0.000     0.023     0.010   1240230
     2.670    38.739     0.000     0.023     0.010   1240198
     2.678    39.238     0.000     0.023     0.010   1230205
     2.684    39.746     0.000     0.023     0.010   1220215
     2.688    40.255     0.000     0.023     0.010   1210235
     2.672    40.749     0.000     0.023     0.010   1180232
     2.679    41.248     0.000     0.023     0.010   1180200
     2.670    41.746     0.000     0.023     0.010   1170206
     2.671    42.254     0.000     0.023     0.010   1160213
     2.672    42.750     0.000     0.023     0.010   1150221
     2.663    43.251     0.000     0.023     0.010   1140233
     2.665    43.749     0.000     0.023     0.010   1140199
     2.658    44.249     0.000     0.023     0.010   1130205
     2.660    44.755     0.000     0.023     0.010   1120212
     2.661    45.250     0.000     0.023     0.010   1110222
     2.663    45.742     0.000     0.023     0.010   1110192
     2.671    46.252     0.000     0.023     0.010   1110171
     2.678    46.756     0.000     0.023     0.010   1110154
     2.686    47.250     0.000     0.023     0.010   1110139
     2.684    47.736     0.000     0.023     0.010   1110125
     2.679    48.242     0.000     0.023     0.010   1110112
     2.686    48.755     0.000     0.023     0.010   1110100
     2.697    49.261     0.000     0.024     0.010   1110088
     2.713    49.748     0.000     0.024     0.010   1110076
     2.704    50.235     0.000     0.024     0.010   1110065
     2.700    50.748     0.000     0.024     0.010   1110054
     2.705    51.260     0.000     0.024     0.010   1110043
     2.706    51.763     0.000     0.024     0.010   1110032
     2.711    52.239     0.000     0.024     0.010   1110021
     2.679    52.728     0.000     0.023     0.010   1110011
     2.670    53.247     0.000     0.023     0.010   1110001
     2.660    53.762     0.000     0.023     0.010   1110506
     2.658    54.268     0.000     0.023     0.010   5230001
     2.671    54.740     0.000     0.023     0.010   5240001
     2.651    55.230     0.000     0.023     0.010   5250001
     2.652    55.750     0.000     0.023     0.010   5260001
     2.656    56.264     0.000     0.023     0.010   5270001
     2.661    56.764     0.000     0.023     0.010   5280001
     2.669    57.234     0.000     0.023     0.010   5310001
     2.651    57.731     0.000     0.023     0.010   5320001
     2.653    58.253     0.000     0.023     0.010   5330001
     2.655    58.767     0.000     0.023     0.010   5340001
     2.660    59.263     0.000     0.023     0.010   5350001
     2.663    59.733     0.000     0.023     0.010   5360001
     2.650    60.234     0.000     0.023     0.010   5370001
     2.701    60.740     0.000     0.024     0.010   5380001
     2.735    61.242     0.000     0.024     0.010   5410001
     2.720    61.776     0.000     0.024     0.010   5420001
     2.688    62.225     0.000     0.023     0.010   5430001
     2.653    62.733     0.000     0.023     0.010   5440001
     2.644    63.261     0.000     0.023     0.010   5450001
     2.641    63.774     0.000     0.023     0.010   5460001
     2.639    64.257     0.000     0.023     0.010   5470001
     2.623    64.721     0.000     0.023     0.010   5480001
     2.614    65.242     0.000     0.023     0.010   6110035
     2.637    65.766     0.000     0.023     0.010   6110016
     2.657    66.272     0.000     0.023     0.010   6110001
     2.681    66.736     0.000     0.023     0.010   6120001
     2.648    67.214     0.000     0.023     0.010   6130001
     2.649    67.746     0.000     0.023     0.010   6140001
     2.653    68.269     0.000     0.023     0.010   6150001
     2.658    68.778     0.000     0.023     0.010   6160001
     2.677    69.238     0.000     0.023     0.010   6170003
     2.648    69.720     0.000     0.023     0.010   6170001
     2.650    70.252     0.000     0.023     0.010   6180001
     2.649    70.774     0.000     0.023     0.010   6210512
     2.656    71.277     0.000     0.023     0.010   6220001
     2.672    71.731     0.000     0.023     0.010   6230001
     2.645    72.220     0.000     0.023     0.010   6240001
     2.646    72.751     0.000     0.023     0.010   6250001
     2.651    73.272     0.000     0.023     0.010   6260001
     2.657    73.770     0.000     0.023     0.010   6270001
     2.671    74.224     0.000     0.023     0.010   6280001
     2.646    74.723     0.000     0.023     0.010   6310001
     2.646    75.256     0.000     0.023     0.010   6320001
     2.651    75.776     0.000     0.023     0.010   6330001
     2.663    76.267     0.000     0.023     0.010   6340001
     2.669    76.721     0.000     0.023     0.010   6350001
     2.645    77.228     0.000     0.023     0.010   6360001
     2.649    77.765     0.000     0.023     0.010   6370001
     2.653    78.288     0.000     0.023     0.010   6380001
     2.668    78.771     0.000     0.023     0.010   6410002
     2.661    79.222     0.000     0.023     0.010   6410001
     2.641    79.740     0.000     0.023     0.010   6420001
     2.644    80.273     0.000     0.023     0.010   6430001
     2.652    80.787     0.000     0.023     0.010   6440001
     2.680    81.241     0.000     0.023     0.010   6450001
     2.650    81.695     0.000     0.023     0.010   6460001
     2.781    82.206     0.000     0.024     0.010   6470001
     2.880    82.625     0.000     0.025     0.010   6480001
     2.528    83.354     0.000     0.022     0.010   7110150
     2.610    83.821     0.000     0.023     0.010   7110049
     2.697    84.199     0.000     0.024     0.010   7110001
     2.641    84.689     0.000     0.023     0.010   7120001
     2.642    85.249     0.000     0.023     0.010   7130001
     2.647    85.793     0.000     0.023     0.010   7140001
     2.664    86.302     0.000     0.023     0.010   7150001
     2.712    86.704     0.000     0.024     0.010   7160001
     2.648    87.218     0.000     0.023     0.010   7170001
     2.632    87.803     0.000     0.023     0.010   7180018
     2.621    88.361     0.000     0.023     0.010   7180001
     2.621    88.859     0.000     0.023     0.010   7210001
     2.761    89.050     0.000     0.024     0.010   7220001
     2.647    89.604     0.000     0.023     0.010   7230001
     2.647    90.200     0.000     0.023     0.010   7240001
     2.647    90.797     0.000     0.023     0.010   7250001
     2.647    91.393     0.000     0.023     0.010   7260001
     2.766    91.902     0.000     0.024     0.010   7270001
     2.640    92.187     0.000     0.023     0.010   7270121
     2.634    92.705     0.000     0.023     0.010   7280073
     2.635    93.257     0.000     0.023     0.010   7310045
     2.637    93.825     0.000     0.023     0.010   7320027
     2.715    94.277     0.000     0.024     0.010   7330016
     2.652    94.680     0.000     0.023     0.010   7330160
     2.648    95.209     0.000     0.023     0.010   7340123
     2.645    95.761     0.000     0.023     0.010   7350100
     2.661    96.301     0.000     0.023     0.010   7360082
     2.680    96.746     0.000     0.023     0.010   7360232
     2.653    97.213     0.000     0.023     0.010   7370173
     2.648    97.735     0.000     0.023     0.010   7380144
     2.643    98.277     0.000     0.023     0.010   7410124
     2.669    98.794     0.000     0.023     0.010   7420109
     2.667    99.236     0.000     0.023     0.010   7420222
     2.651    99.718     0.000     0.023     0.010   7430182
     2.645   100.238     0.000     0.023     0.010   7440158
     2.644   100.776     0.000     0.023     0.010   7450137
     2.665   101.273     0.000     0.023     0.010   7460126
     2.606   101.708     0.000     0.023     0.010   7460219
     2.557   102.190     0.000     0.022     0.010   7470186
     2.619   102.726     0.000     0.023     0.010   7480166
     2.819   103.264     0.000     0.025     0.010   8110038
     2.762   103.766     0.000     0.024     0.010   8110078
     2.699   104.269     0.000     0.024     0.010   8110124
     2.650   104.727     0.000     0.023     0.010   8110187
     2.646   105.253     0.000     0.023     0.010   8120170
     2.644   105.789     0.000     0.023     0.010   8130157
     2.677   106.274     0.000     0.023     0.010   8140143
     2.654   106.725     0.000     0.023     0.010   8140212
     2.649   107.232     0.000     0.023     0.010   8150190
     2.647   107.756     0.000     0.023     0.010   8160173
     2.644   108.290     0.000     0.023     0.010   8170160
     2.679   108.767     0.000     0.023     0.010   8180151
     2.653   109.224     0.000     0.023     0.010   8180211
     2.649   109.734     0.000     0.023     0.010   8210191
     2.645   110.256     0.000     0.023     0.010   8220176
     2.655   110.774     0.000     0.023     0.010   8230168
     2.668   111.244     0.000     0.023     0.010   8230246
     2.654   111.724     0.000     0.023     0.010   8240212
     2.650   112.236     0.000     0.023     0.010   8250193
     2.650   112.761     0.000     0.023     0.010   8260180
     2.663   113.269     0.000     0.023     0.010   8270170
     2.664   113.736     0.000     0.023     0.010   8270237
     2.658   114.227     0.000     0.023     0.010   8280211
     2.651   114.740     0.000     0.023     0.010   8310196
     2.633   115.264     0.000     0.023     0.010   8320186
     2.629   115.766     0.000     0.023     0.010   8330175
     2.623   116.230     0.000     0.023     0.010   8330234
     2.627   116.729     0.000     0.023     0.010   8340211
     2.633   117.247     0.000     0.023     0.010   8350197
     2.640   117.777     0.000     0.023     0.010   8360188
     2.677   118.271     0.000     0.023     0.010   8370175
     2.679   118.727     0.000     0.023     0.010   8370227
     2.693   119.225     0.000     0.023     0.010   8380212
     2.747   119.760     0.000     0.024     0.010   9110123
     2.719   120.259     0.000     0.024     0.010   9110146
     2.685   120.763     0.000     0.023     0.010   9110174
     2.655   121.235     0.000     0.023     0.010   9110214
     2.655   121.749     0.000     0.023     0.010   9120199
     2.653   122.273     0.000     0.023     0.010   9130192
     2.673   122.765     0.000     0.023     0.010   9140182
     2.662   123.233     0.000     0.023     0.010   9140228
     2.658   123.736     0.000     0.023     0.010   9150213
     2.657   124.251     0.000     0.023     0.010   9160201
     2.653   124.772     0.000     0.023     0.010   9170194
     2.677   125.260     0.000     0.023     0.010   9180186
     2.663   125.733     0.000     0.023     0.010   9180228
     2.660   126.237     0.000     0.023     0.010   9210218
     2.656   126.753     0.000     0.023     0.010   9220205
     2.655   127.276     0.000     0.023     0.010   9230196
     2.674   127.760     0.000     0.023     0.010   9240191
     2.650   128.230     0.000     0.023     0.010   9240230
     2.635   128.737     0.000     0.023     0.010   9250216
     2.620   129.255     0.000     0.023     0.010   9260206
     2.613   129.768     0.000     0.023     0.010   9270197
     2.609   130.243     0.000     0.023     0.010   9270248
     2.591   130.726     0.000     0.023     0.010   9280227
     2.578   131.237     0.000     0.022     0.010   9310214
     2.568   131.761     0.000     0.022     0.010   9320206
     2.565   132.269     0.000     0.022     0.010   9330199
     2.555   132.728     0.000     0.022     0.010   9330243
     2.542   133.217     0.000     0.022     0.010   9340224
     2.533   133.734     0.000     0.022     0.010   9350215
     2.525   134.274     0.000     0.022     0.010   9360207
     2.522   134.780     0.000     0.022     0.010   9370199
     2.512   135.184     0.000     0.022     0.010   9370238
     2.503   135.626     0.000     0.022     0.010   9380223
