111 30.755575 525.390690 1002.930235 
112 23.524914 508.412214 1001.135582 
113 26.908959 530.071506 1004.513741 
114 22.398941 509.730333 1004.533228 
115 28.576809 508.208603 999.959779 
116 26.345893 512.859573 1001.980301 
117 25.307313 514.529913 998.245595 
118 28.050223 513.180172 996.128289 
121 32.500697 517.613472 998.947647 
122 29.147036 508.632927 998.521957 
123 31.577083 520.509694 1001.820076 
124 30.062597 511.590385 997.809748 
125 32.692978 522.479690 1000.198629 
126 24.926263 508.427391 999.867747 
127 26.214940 513.518103 999.577721 
128 25.016769 513.495526 999.876814 
131 27.034649 511.819881 996.624562 
132 24.584002 504.499948 994.688387 
133 25.252628 523.358134 997.016300 
134 24.663769 508.140550 999.093543 
135 25.146792 514.505744 996.024381 
136 23.928275 512.462948 995.142045 
137 26.404767 510.070945 996.054716 
138 24.744248 510.664673 997.652388 
141 30.027679 517.227036 1003.108697 
142 27.664215 518.225536 1002.810802 
143 28.239734 518.406758 1002.598855 
144 31.150159 515.897301 1001.341630 
145 32.367458 510.313615 1001.177659 
146 29.990863 513.017955 1000.277478 
147 29.829957 511.087705 989.092008 
148 26.913787 511.370009 998.050427 
211 20.787092 502.825715 997.529143 
212 30.504613 512.661856 1007.333997 
213 30.526166 508.604126 988.954114 
214 11.955981 501.115377 1003.745774 
215 20.574172 499.424886 994.498948 
216 24.176003 522.518556 1011.871143 
217 29.827043 527.340267 1007.448297 
218 20.213567 512.076265 997.243127 
221 20.686565 509.493597 996.134689 
222 33.170889 526.376463 1022.934608 
223 24.168867 517.364341 998.672159 
224 28.415546 519.126472 1004.092504 
225 16.402706 510.968621 998.514811 
226 15.997842 504.814789 1006.181995 
227 29.151055 521.913475 1006.252546 
228 22.273140 516.997562 1010.581304 
231 27.213280 506.142156 1000.094927 
232 25.627581 512.945534 1001.937779 
233 23.407870 504.553883 1002.441303 
234 25.283814 510.008184 1000.626858 
235 27.438714 519.104986 1002.634451 
236 24.984094 513.522480 1000.006258 
237 26.794742 510.474395 1000.841544 
238 28.601753 514.156932 1002.261628 
241 29.700717 508.812783 999.524856 
242 23.590346 510.242948 1002.308228 
243 27.140864 510.099091 1001.819249 
244 23.627393 513.216837 1002.065949 
245 26.939204 513.042476 1000.515074 
246 23.927967 512.642595 1002.188861 
247 25.447246 507.888848 999.511541 
248 31.021490 524.486881 1003.024034 
311 37.130056 512.000000 982.783582 
312 35.499446 512.000000 981.623934 
313 37.462580 512.000000 984.559440 
314 37.996851 512.000000 981.688518 
315 37.278917 512.000000 981.574784 
316 37.381770 512.000000 984.158309 
317 39.314097 512.000000 982.993679 
318 41.032968 512.000000 981.742800 
321 48.007075 512.000000 989.286251 
322 48.016914 512.000000 988.663589 
323 47.923104 512.000000 989.506517 
324 49.043008 512.000000 985.038802 
325 49.263146 512.000000 988.808845 
326 45.663921 512.000000 987.898005 
327 54.943744 512.000000 996.148640 
328 50.931561 512.000000 990.680844 
331 26.377295 519.51441  999.505945 
332 27.123280 512.55211  999.678267 
333 26.586947 508.396359 999.855551 
334 30.188131 510.448660 1001.596317 
335 29.729650 507.322443 998.855533 
336 25.780529 507.300283 999.570161 
337 30.933998 515.784041 1002.149322 
338 28.276603 514.291834 1000.599910 
341 27.375940 520.440655 1002.815206 
342 25.503645 516.883395 1001.098478 
343 27.767541 517.921742 997.053073 
344 23.038525 514.345499 1003.798712 
345 26.011757 516.167753 999.137576 
346 18.239798 506.375991 992.861602 
347 26.541349 504.177778 1000.013128 
348 27.114894 510.129525 1000.511077 
351 29.476476 523.118393 999.097439 
352 25.841018 508.074494 999.197924 
353 26.741418 517.852451 1001.330918 
354 24.637066 519.592612 1000.850295 
355 25.777356 513.609040 1000.971178 
356 23.202489 515.103705 998.512101 
357 25.943704 514.099259 1001.121609 
358 26.572595 512.902778 997.778598 
411 25.922066 508.184031 998.060780 
412 26.277752 517.970572 1002.063034 
413 29.211895 525.036164 1002.016005 
414 28.584945 522.761086 1001.747523 
415 28.920352 516.863018 1001.125766 
416 25.731168 509.266085 1000.442710 
417 27.068217 519.572537 1002.792807 
418 26.240448 516.554714 1003.124928 
421 26.469200 524.603451 1000.199080 
422 24.474515 519.763350 1003.639150 
423 25.834524 524.126316 1000.806101 
424 24.326508 504.303578 1002.407440 
425 27.865646 523.282924 999.471157 
426 23.029980 519.647741 1000.424050 
427 25.196959 516.018990 1003.901033 
428 23.450231 504.879812 997.634947 
431 25.098321 500.884585 998.989371 
432 26.352566 508.893146 998.001963 
433 27.184147 522.339534 1000.140037 
434 24.318115 513.217942 1001.354712 
435 26.245762 520.471257 1000.925508 
436 25.263160 518.836490 1002.849874 
437 24.199423 512.077992 1000.240463 
438 26.597342 521.217561 1000.065495 
441 23.953493 511.289596 1000.278959 
442 23.844496 511.645784 1003.914881 
443 25.784573 515.729663 1001.255844 
444 25.383322 521.405449 1003.693896 
445 27.173974 521.601611 1002.284605 
446 26.094237 518.750318 1000.477762 
447 26.556280 512.644869 1002.402120 
448 24.805700 511.192813 998.084666 
511 31.565387 515.457146 1001.955749 
512 28.235123 520.134862 1013.567418 
513 32.455425 516.724158 1009.618112 
514 5.508994 494.898250 994.079357 
515 24.429462 510.236067 1001.041383 
516 24.192484 510.204152 1000.573305 
517 24.645336 524.925038 1002.463226 
518 26.432486 524.561575 1002.522355 
521 27.514450 512.321249 1002.125889 
522 26.114825 516.657919 1001.669934 
523 25.409830 516.986758 1002.031082 
524 26.793382 513.742425 1007.839555 
525 27.397862 514.607330 1001.610242 
526 25.916722 510.201791 1002.383601 
527 25.912914 512.519618 1000.833958 
528 25.871183 513.927702 1000.266860 
531 27.890591 509.574732 999.998723 
532 25.894363 520.597459 1001.031279 
533 25.361855 524.517204 1002.081712 
534 23.080542 506.748482 999.107268 
535 23.396789 512.918281 999.849090 
536 26.015608 514.276641 1001.862463 
537 26.785673 517.773503 1000.951310 
538 28.085555 526.241299 1001.634107 
541 28.763516 508.592653 995.783294 
542 28.090213 511.449388 996.403591 
543 27.567447 518.583822 996.391663 
544 29.588970 517.391626 998.267509 
545 30.329633 511.137482 995.802899 
546 30.418161 513.438738 995.624715 
547 30.383458 515.954282 997.699800 
548 28.998321 509.200599 996.750650 
611 33.573561 522.187705 998.192207 
612 29.180155 511.457756 994.751478 
613 28.743024 515.024168 996.144763 
614 29.330257 512.043291 995.035268 
615 31.930472 512.953904 994.660636 
616 31.453308 520.913122 995.114146 
617 33.911291 521.118940 996.966922 
618 28.869854 513.861601 994.290936 
621 25.631668 512.941178 999.174567 
622 22.815624 515.132120 1000.344358 
623 25.293229 528.487479 1000.912875 
624 24.059335 514.001903 998.865624 
625 26.151557 513.076856 999.433891 
626 24.731543 515.769030 998.867540 
627 24.819240 513.524372 999.108172 
628 24.421430 513.338312 999.205500 
631 29.806799 518.351554 999.348116 
632 27.976442 519.184658 1000.444171 
633 31.371675 525.607920 1000.068179 
634 29.092910 522.354966 997.961610 
635 33.857445 522.232882 1003.500853 
636 28.530872 512.549047 999.121758 
637 30.712031 518.777878 998.855393 
638 29.408204 516.882573 998.928933 
641 30.644382 507.865583 998.192209 
642 26.451053 510.187403 1000.766339 
643 27.129337 512.954157 998.319025 
644 28.740765 523.081547 998.650929 
645 32.623982 525.996109 1002.623321 
646 28.472943 509.722690 993.114671 
647 32.990305 522.222445 996.683687 
648 28.529598 515.347666 995.553569 
711 36.429183 521.489602 999.948764 
712 28.645650 522.179712 999.265979 
713 29.236102 517.230422 997.675674 
714 30.650187 518.288881 1000.202042 
715 32.416978 522.788072 998.137179 
716 29.205325 517.453226 998.092878 
717 31.892173 524.490354 1000.364889 
718 31.732161 516.648360 998.888084 
721 28.802243 520.257691 1000.303714 
722 25.336316 519.688216 1000.178156 
723 25.259014 516.909421 997.387412 
724 26.296938 521.098857 998.903333 
725 24.660935 503.132070 997.862837 
726 25.245657 504.205923 997.045865 
727 26.005898 514.204051 997.922369 
728 33.563048 519.018666 999.793691 
731 28.903871 514.212117 993.770895 
732 28.745767 520.201084 994.231593 
733 29.679342 508.815061 995.226851 
734 28.148306 504.156915 992.501179 
735 31.830718 515.350051 995.212609 
736 31.342208 525.378130 997.334279 
737 26.080612 513.988823 995.796939 
738 26.570038 517.436858 992.843330 
741 31.130682 511.706291 994.818008 
742 30.751962 512.779254 993.687395 
743 25.981517 518.597535 996.505850 
744 30.428640 514.519654 994.335198 
745 31.725349 518.859108 993.301716 
746 30.552770 516.212215 995.008068 
747 30.877929 528.171965 999.068898 
748 31.271561 514.367215 998.867113 
811 25.652884 517.150280 999.742285 
812 24.521571 503.400389 998.751526 
813 24.858818 510.804426 1000.744638 
814 25.533206 515.412391 999.412892 
815 28.490938 517.486075 1000.366490 
816 23.377562 511.041592 997.134282 
817 23.403196 513.147405 998.795277 
818 27.976768 511.851386 999.926916 
821 25.721978 512.888544 1000.190258 
822 25.577939 514.850473 1001.335635 
823 29.815617 518.787545 1001.314091 
824 25.471320 516.636142 1000.288192 
825 27.928954 513.894422 998.491327 
826 25.805010 503.855595 998.504078 
827 28.545266 511.525786 996.646713 
828 28.935413 514.178769 996.874410 
831 28.316159 516.737012 999.567062 
832 29.025105 523.933941 999.565970 
833 28.179559 517.541348 996.145060 
834 27.584462 511.018907 997.646077 
835 32.155224 527.543760 998.198458 
836 29.267198 524.898927 998.990264 
837 30.073711 519.468912 996.827857 
838 24.508824 514.970814 1000.580627 
911 32.096627 520.349215 995.196679 
912 29.182989 505.905642 991.669420 
913 34.354451 527.156387 993.329328 
914 29.526086 510.384335 992.641592 
915 33.118451 508.235980 992.846255 
916 32.690247 514.280932 993.118592 
917 41.224474 523.809921 993.401845 
918 33.641545 508.936019 991.042924 
921 36.901757 522.423150 1001.006176 
922 36.786561 518.521623 997.076129 
923 33.510835 519.591881 998.269488 
924 36.605534 512.520981 997.484086 
925 34.560191 517.841253 997.593117 
926 34.703106 516.493690 996.665189 
927 34.841939 518.512049 998.595510 
928 34.056126 518.260615 1000.883180 
931 25.530624 520.622984 999.785828 
932 46.102501 519.265777 996.998156 
933 39.001595 524.259062 1004.531200 
934 33.228510 511.600169 988.310471 
935 27.266134 509.250754 998.897558 
936 36.093762 521.412029 1008.851345 
937 31.846039 513.027960 1003.858019 
938 0.000000 0.000000 0.000000 
