 280
     3.495     0.322     0.000     0.031     0.010   3360503
     3.496     0.781     0.000     0.031     0.010   3340509
     3.496     1.282     0.000     0.031     0.010   3330508
     3.497     1.776     0.000     0.031     0.010   3320493
     3.497     2.268     0.000     0.031     0.010   3310498
     3.499     2.760     0.000     0.031     0.010   3280493
     3.499     3.250     0.000     0.031     0.010   3270487
     3.500     3.750     0.000     0.031     0.010   3260490
     3.501     4.256     0.000     0.031     0.010   3250484
     3.503     4.742     0.000     0.031     0.010   3240478
     3.504     5.253     0.000     0.031     0.010   3220502
     3.505     5.757     0.000     0.031     0.010   3210497
     3.507     6.261     0.000     0.031     0.010   3180494
     3.509     6.762     0.000     0.031     0.010   3170488
     3.511     7.260     0.000     0.031     0.010   3160488
     3.513     7.757     0.000     0.031     0.010   3150482
     3.515     8.252     0.000     0.031     0.010   3140480
     3.517     8.747     0.000     0.031     0.010   3130477
     3.520     9.241     0.000     0.031     0.010   3120468
     3.522     9.740     0.000     0.031     0.010   3110466
     3.527    10.257     0.000     0.031     0.010   2480495
     3.528    10.757     0.000     0.031     0.010   2470488
     3.531    11.259     0.000     0.031     0.010   2460483
     3.534    11.758     0.000     0.031     0.010   2450481
     3.538    12.256     0.000     0.031     0.010   2440482
     3.541    12.753     0.000     0.031     0.010   2430471
     3.545    13.248     0.000     0.031     0.010   2420468
     3.549    13.745     0.000     0.031     0.010   2410458
     3.551    14.246     0.000     0.031     0.010   2380465
     3.555    14.750     0.000     0.031     0.010   2360497
     3.560    15.255     0.000     0.031     0.010   2350486
     3.564    15.757     0.000     0.031     0.010   2340484
     3.569    16.257     0.000     0.031     0.010   2330479
     3.574    16.756     0.000     0.031     0.010   2320469
     3.579    17.252     0.000     0.031     0.010   2310473
     3.584    17.749     0.000     0.031     0.010   2280467
     3.590    18.246     0.000     0.031     0.010   2270456
     3.594    18.746     0.000     0.031     0.010   2260456
     3.598    19.250     0.000     0.031     0.010   2240496
     3.608    19.749     0.000     0.031     0.010   2230490
     3.618    20.256     0.000     0.032     0.010   2220475
     3.621    20.756     0.000     0.032     0.010   2210468
     3.627    21.256     0.000     0.032     0.010   2180464
     3.633    21.755     0.000     0.032     0.010   2170460
     3.640    22.254     0.000     0.032     0.010   2160455
     3.646    22.751     0.000     0.032     0.010   2150447
     3.654    23.248     0.000     0.032     0.010   2140446
     3.660    23.748     0.000     0.032     0.010   2120498
     3.667    24.248     0.000     0.032     0.010   2110481
     3.678    24.746     0.000     0.032     0.010   2110428
     3.692    25.255     0.000     0.032     0.010   1480496
     3.695    25.754     0.000     0.032     0.010   1470477
     3.703    26.255     0.000     0.032     0.010   1460475
     3.711    26.755     0.000     0.032     0.010   1450468
     3.720    27.254     0.000     0.032     0.010   1440457
     3.729    27.751     0.000     0.033     0.010   1430453
     3.739    28.249     0.000     0.033     0.010   1420443
     3.749    28.747     0.000     0.033     0.010   1410440
     3.756    29.247     0.000     0.033     0.010   1380434
     3.765    29.750     0.000     0.033     0.010   1360497
     3.776    30.252     0.000     0.033     0.010   1350479
     3.789    30.754     0.000     0.033     0.010   1340471
     3.790    31.252     0.000     0.033     0.010   1330464
     3.788    31.751     0.000     0.033     0.010   1320449
     3.771    32.250     0.000     0.033     0.010   1310446
     3.762    32.747     0.000     0.033     0.010   1280445
     3.757    33.244     0.000     0.033     0.010   1270438
     3.748    33.744     0.000     0.033     0.010   1260433
     3.739    34.248     0.000     0.033     0.010   1240500
     3.745    34.746     0.000     0.033     0.010   1230484
     3.757    35.250     0.000     0.033     0.010   1220471
     3.739    35.750     0.000     0.033     0.010   1210459
     3.736    36.254     0.000     0.033     0.010   1180449
     3.737    36.754     0.000     0.033     0.010   1170438
     3.737    37.252     0.000     0.033     0.010   1160433
     3.734    37.750     0.000     0.033     0.010   1150426
     3.730    38.246     0.000     0.033     0.010   1140419
     3.725    38.745     0.000     0.033     0.010   1120491
     3.726    39.247     0.000     0.033     0.010   1110468
     3.737    39.740     0.000     0.033     0.010   1110395
     3.744    40.244     0.000     0.033     0.010   1110353
     3.753    40.750     0.000     0.033     0.010   1110319
     3.760    41.252     0.000     0.033     0.010   1110290
     3.765    41.752     0.000     0.033     0.010   1110263
     3.769    42.251     0.000     0.033     0.010   1110239
     3.773    42.749     0.000     0.033     0.010   1110215
     3.773    43.247     0.000     0.033     0.010   1110193
     3.771    43.743     0.000     0.033     0.010   1110171
     3.768    44.240     0.000     0.033     0.010   1110151
     3.760    44.746     0.000     0.033     0.010   1110130
     3.762    45.254     0.000     0.033     0.010   1110110
     3.768    45.755     0.000     0.033     0.010   1110091
     3.769    46.254     0.000     0.033     0.010   1110071
     3.764    46.752     0.000     0.033     0.010   1110052
     3.756    47.251     0.000     0.033     0.010   1110033
     3.747    47.749     0.000     0.033     0.010   1110014
     3.737    48.242     0.000     0.033     0.010   1110001
     3.725    48.738     0.000     0.033     0.010   1111011
     3.710    49.244     0.000     0.032     0.010   6230001
     3.735    49.737     0.000     0.033     0.010   6241018
     3.778    50.244     0.000     0.033     0.010   6261011
     3.751    50.751     0.000     0.033     0.010   6271017
     3.735    51.243     0.000     0.033     0.010   6281024
     3.728    51.737     0.000     0.033     0.010   6321020
     3.709    52.243     0.000     0.032     0.010   6340001
     3.712    52.755     0.000     0.032     0.010   6351018
     3.710    53.258     0.000     0.032     0.010   6361023
     3.706    53.760     0.000     0.032     0.010   6381018
     3.702    54.257     0.000     0.032     0.010   6420001
     3.701    54.753     0.000     0.032     0.010   6431015
     3.697    55.249     0.000     0.032     0.010   6441023
     3.692    55.743     0.000     0.032     0.010   6461013
     3.691    56.236     0.000     0.032     0.010   6471021
     3.689    56.744     0.000     0.032     0.010   7110010
     3.708    57.253     0.000     0.032     0.010   7110001
     3.711    57.758     0.000     0.032     0.010   7121011
     3.713    58.259     0.000     0.032     0.010   7131020
     3.713    58.757     0.000     0.032     0.010   7150001
     3.714    59.254     0.000     0.032     0.010   7161016
     3.712    59.749     0.000     0.032     0.010   7171024
     3.714    60.242     0.000     0.032     0.010   7211011
     3.716    60.736     0.000     0.032     0.010   7221020
     3.704    61.241     0.000     0.032     0.010   7240001
     3.710    61.753     0.000     0.032     0.010   7251014
     3.711    62.258     0.000     0.032     0.010   7261024
     3.712    62.760     0.000     0.032     0.010   7281011
     3.713    63.258     0.000     0.032     0.010   7311020
     3.715    63.753     0.000     0.032     0.010   7330001
     3.716    64.250     0.000     0.032     0.010   7341014
     3.715    64.743     0.000     0.032     0.010   7351024
     3.785    65.241     0.000     0.033     0.010   7370001
     3.737    65.740     0.000     0.033     0.010   7381016
     3.714    66.232     0.000     0.032     0.010   7420001
     3.692    66.742     0.000     0.032     0.010   7430001
     3.691    67.258     0.000     0.032     0.010   7441017
     3.686    67.762     0.000     0.032     0.010   7460001
     3.680    68.261     0.000     0.032     0.010   7470001
     3.678    68.760     0.000     0.032     0.010   7481018
     3.705    69.254     0.000     0.032     0.010   8110001
     3.708    69.746     0.000     0.032     0.010   8120001
     3.709    70.237     0.000     0.032     0.010   8130001
     3.708    70.727     0.000     0.032     0.010   8141020
     3.691    71.239     0.000     0.032     0.010   8160001
     3.702    71.758     0.000     0.032     0.010   8170001
     3.706    72.262     0.000     0.032     0.010   8181017
     3.709    72.762     0.000     0.032     0.010   8220001
     3.711    73.258     0.000     0.032     0.010   8230001
     3.710    73.752     0.000     0.032     0.010   8241019
     3.712    74.245     0.000     0.032     0.010   8260001
     3.716    74.737     0.000     0.032     0.010   8270001
     3.714    75.224     0.000     0.032     0.010   8281019
     3.693    75.737     0.000     0.032     0.010   8320001
     3.709    76.259     0.000     0.032     0.010   8330001
     3.709    76.765     0.000     0.032     0.010   8341017
     3.712    77.264     0.000     0.032     0.010   8360001
     3.718    77.760     0.000     0.032     0.010   8370001
     3.715    78.255     0.000     0.032     0.010   8381016
     3.715    78.744     0.000     0.032     0.010   8420001
     3.722    79.233     0.000     0.032     0.010   8430001
     3.722    79.720     0.000     0.032     0.010   8440001
     3.818    80.256     0.000     0.033     0.010   8460001
     3.678    80.750     0.000     0.032     0.010   8470001
     3.641    81.273     0.000     0.032     0.010   8480001
     3.698    81.771     0.000     0.032     0.010   9110001
     3.704    82.266     0.000     0.032     0.010   9120001
     3.712    82.762     0.000     0.032     0.010   9130001
     3.706    83.254     0.000     0.032     0.010   9140001
     3.708    83.737     0.000     0.032     0.010   9160001
     3.716    84.221     0.000     0.032     0.010   9170001
     3.698    84.724     0.000     0.032     0.010   9180001
     3.679    85.245     0.000     0.032     0.010   9220001
     3.698    85.767     0.000     0.032     0.010   9230001
     3.713    86.281     0.000     0.032     0.010   9240001
     3.694    86.781     0.000     0.032     0.010   9260001
     3.706    87.265     0.000     0.032     0.010   9270001
     3.731    87.758     0.000     0.033     0.010   9280001
     3.713    88.230     0.000     0.032     0.010   9310001
     3.695    88.669     0.000     0.032     0.010   9330001
     3.655    89.176     0.000     0.032     0.010   9340001
     3.723    89.769     0.000     0.032     0.010   9350001
     3.695    90.373     0.000     0.032     0.010   9370001
     3.696    90.800     0.000     0.032     0.010   9380001
     3.702    91.232     0.000     0.032     0.010   9410001
     3.740    91.714     0.000     0.033     0.010   9420009
     3.703    92.221     0.000     0.032     0.010   9430129
     3.688    92.716     0.000     0.032     0.010   9440222
     3.706    93.229     0.000     0.032     0.010   9450295
     3.677    93.774     0.000     0.032     0.010   9460374
     3.624    94.288     0.000     0.032     0.010   9480100
     3.913    94.807     0.000     0.034     0.010  10110001
     3.719    95.262     0.000     0.032     0.010  10110190
     3.708    95.750     0.000     0.032     0.010  10120222
     3.701    96.235     0.000     0.032     0.010  10130267
     3.713    96.730     0.000     0.032     0.010  10140297
     3.705    97.232     0.000     0.032     0.010  10150329
     3.698    97.735     0.000     0.032     0.010  10160372
     3.696    98.249     0.000     0.032     0.010  10170404
     3.697    98.770     0.000     0.032     0.010  10180469
     3.708    99.274     0.000     0.032     0.010  10220255
     3.709    99.759     0.000     0.032     0.010  10230280
     3.710   100.249     0.000     0.032     0.010  10240302
     3.706   100.742     0.000     0.032     0.010  10250327
     3.706   101.235     0.000     0.032     0.010  10260348
     3.708   101.734     0.000     0.032     0.010  10270369
     3.701   102.239     0.000     0.032     0.010  10280398
     3.694   102.749     0.000     0.032     0.010  10310426
     3.700   103.264     0.000     0.032     0.010  10320472
     3.709   103.770     0.000     0.032     0.010  10340301
     3.706   104.258     0.000     0.032     0.010  10350319
     3.711   104.748     0.000     0.032     0.010  10360340
     3.707   105.244     0.000     0.032     0.010  10370358
     3.703   105.738     0.000     0.032     0.010  10380377
     3.706   106.236     0.000     0.032     0.010  10410392
     3.689   106.734     0.000     0.032     0.010  10420415
     3.645   107.246     0.000     0.032     0.010  10430441
     3.660   107.764     0.000     0.032     0.010  10440478
     3.686   108.271     0.000     0.032     0.010  10460335
     3.710   108.758     0.000     0.032     0.010  10470350
     3.743   109.245     0.000     0.033     0.010  10480361
     3.805   109.762     0.000     0.033     0.010  11110241
     3.728   110.271     0.000     0.033     0.010  11110321
     3.690   110.760     0.000     0.032     0.010  11110462
     3.706   111.270     0.000     0.032     0.010  11130349
     3.706   111.761     0.000     0.032     0.010  11140354
     3.706   112.253     0.000     0.032     0.010  11150370
     3.702   112.747     0.000     0.032     0.010  11160381
     3.703   113.242     0.000     0.032     0.010  11170395
     3.704   113.739     0.000     0.032     0.010  11180407
     3.701   114.240     0.000     0.032     0.010  11210424
     3.700   114.744     0.000     0.032     0.010  11220440
     3.692   115.259     0.000     0.032     0.010  11230466
     3.706   115.768     0.000     0.032     0.010  11250358
     3.708   116.259     0.000     0.032     0.010  11260372
     3.706   116.753     0.000     0.032     0.010  11270379
     3.706   117.247     0.000     0.032     0.010  11280398
     3.707   117.743     0.000     0.032     0.010  11310402
     3.703   118.241     0.000     0.032     0.010  11320417
     3.703   118.741     0.000     0.032     0.010  11330432
     3.697   119.241     0.000     0.032     0.010  11340446
     3.665   119.756     0.000     0.032     0.010  11350468
     3.676   120.267     0.000     0.032     0.010  11370376
     3.687   120.761     0.000     0.032     0.010  11380386
     3.688   121.253     0.000     0.032     0.010  11410397
     3.697   121.747     0.000     0.032     0.010  11420403
     3.700   122.242     0.000     0.032     0.010  11430416
     3.708   122.741     0.000     0.032     0.010  11440427
     3.714   123.240     0.000     0.032     0.010  11450437
     3.719   123.743     0.000     0.032     0.010  11460452
     3.723   124.259     0.000     0.032     0.010  11470471
     3.799   124.757     0.000     0.033     0.010  12110289
     3.760   125.257     0.000     0.033     0.010  12110336
     3.710   125.756     0.000     0.032     0.010  12110398
     3.709   126.250     0.000     0.032     0.010  12120406
     3.709   126.746     0.000     0.032     0.010  12130419
     3.709   127.243     0.000     0.032     0.010  12140432
     3.707   127.743     0.000     0.032     0.010  12150441
     3.707   128.243     0.000     0.032     0.010  12160451
     3.704   128.748     0.000     0.032     0.010  12170462
     3.701   129.256     0.000     0.032     0.010  12180485
     3.709   129.761     0.000     0.032     0.010  12220400
     3.710   130.255     0.000     0.032     0.010  12230406
     3.710   130.751     0.000     0.032     0.010  12240409
     3.696   131.245     0.000     0.032     0.010  12250423
     3.680   131.742     0.000     0.032     0.010  12260435
     3.664   132.240     0.000     0.032     0.010  12270437
     3.648   132.739     0.000     0.032     0.010  12280454
     3.632   133.244     0.000     0.032     0.010  12310471
     3.615   133.756     0.000     0.032     0.010  12320485
     3.608   134.262     0.000     0.031     0.010  12340408
     3.595   134.755     0.000     0.031     0.010  12350416
     3.583   135.248     0.000     0.031     0.010  12360419
     3.570   135.741     0.000     0.031     0.010  12370429
     3.558   136.236     0.000     0.031     0.010  12380440
     3.546   136.734     0.000     0.031     0.010  12410441
     3.535   137.233     0.000     0.031     0.010  12420458
     3.523   137.738     0.000     0.031     0.010  12430460
     3.512   138.260     0.000     0.031     0.010  12440485
     3.508   138.776     0.000     0.031     0.010  12460413
     3.496   139.259     0.000     0.031     0.010  12470422
     3.488   139.721     0.000     0.030     0.010  12480429
