 280
     3.495     0.323     0.000     0.031     0.010   3360503
     3.496     0.779     0.000     0.031     0.010   3340509
     3.496     1.280     0.000     0.031     0.010   3330507
     3.497     1.774     0.000     0.031     0.010   3320493
     3.497     2.264     0.000     0.031     0.010   3310498
     3.499     2.760     0.000     0.031     0.010   3280493
     3.499     3.253     0.000     0.031     0.010   3270489
     3.500     3.755     0.000     0.031     0.010   3260490
     3.501     4.256     0.000     0.031     0.010   3250484
     3.503     4.739     0.000     0.031     0.010   3240478
     3.504     5.255     0.000     0.031     0.010   3220502
     3.505     5.760     0.000     0.031     0.010   3210498
     3.507     6.264     0.000     0.031     0.010   3180494
     3.509     6.764     0.000     0.031     0.010   3170488
     3.511     7.261     0.000     0.031     0.010   3160488
     3.513     7.757     0.000     0.031     0.010   3150483
     3.515     8.251     0.000     0.031     0.010   3140480
     3.517     8.747     0.000     0.031     0.010   3130477
     3.520     9.242     0.000     0.031     0.010   3120470
     3.522     9.740     0.000     0.031     0.010   3110465
     3.527    10.256     0.000     0.031     0.010   2480494
     3.528    10.757     0.000     0.031     0.010   2470489
     3.531    11.259     0.000     0.031     0.010   2460483
     3.534    11.758     0.000     0.031     0.010   2450481
     3.538    12.254     0.000     0.031     0.010   2440481
     3.541    12.752     0.000     0.031     0.010   2430471
     3.545    13.250     0.000     0.031     0.010   2420468
     3.548    13.747     0.000     0.031     0.010   2410458
     3.551    14.245     0.000     0.031     0.010   2380466
     3.555    14.749     0.000     0.031     0.010   2360497
     3.560    15.255     0.000     0.031     0.010   2350485
     3.564    15.757     0.000     0.031     0.010   2340484
     3.569    16.255     0.000     0.031     0.010   2330478
     3.574    16.754     0.000     0.031     0.010   2320470
     3.579    17.253     0.000     0.031     0.010   2310455
     3.584    17.750     0.000     0.031     0.010   2280467
     3.590    18.246     0.000     0.031     0.010   2270457
     3.594    18.745     0.000     0.031     0.010   2260457
     3.599    19.249     0.000     0.031     0.010   2240497
     3.608    19.749     0.000     0.031     0.010   2230488
     3.618    20.256     0.000     0.032     0.010   2220476
     3.621    20.755     0.000     0.032     0.010   2210467
     3.627    21.255     0.000     0.032     0.010   2180464
     3.633    21.755     0.000     0.032     0.010   2170461
     3.639    22.253     0.000     0.032     0.010   2160455
     3.647    22.750     0.000     0.032     0.010   2150448
     3.654    23.248     0.000     0.032     0.010   2140446
     3.660    23.747     0.000     0.032     0.010   2120498
     3.667    24.247     0.000     0.032     0.010   2110482
     3.678    24.746     0.000     0.032     0.010   2110428
     3.692    25.253     0.000     0.032     0.010   1480495
     3.695    25.754     0.000     0.032     0.010   1470477
     3.703    26.254     0.000     0.032     0.010   1460475
     3.712    26.754     0.000     0.032     0.010   1450469
     3.720    27.254     0.000     0.032     0.010   1440458
     3.730    27.751     0.000     0.033     0.010   1430453
     3.739    28.250     0.000     0.033     0.010   1420442
     3.748    28.747     0.000     0.033     0.010   1410440
     3.756    29.246     0.000     0.033     0.010   1380435
     3.765    29.750     0.000     0.033     0.010   1360497
     3.777    30.252     0.000     0.033     0.010   1350479
     3.789    30.753     0.000     0.033     0.010   1340471
     3.793    31.252     0.000     0.033     0.010   1330465
     3.791    31.751     0.000     0.033     0.010   1320450
     3.774    32.249     0.000     0.033     0.010   1310445
     3.764    32.748     0.000     0.033     0.010   1280439
     3.759    33.245     0.000     0.033     0.010   1270429
     3.749    33.743     0.000     0.033     0.010   1260426
     3.742    34.247     0.000     0.033     0.010   1240494
     3.748    34.746     0.000     0.033     0.010   1230477
     3.758    35.251     0.000     0.033     0.010   1220463
     3.742    35.752     0.000     0.033     0.010   1210454
     3.738    36.255     0.000     0.033     0.010   1180449
     3.737    36.754     0.000     0.033     0.010   1170438
     3.737    37.253     0.000     0.033     0.010   1160433
     3.733    37.751     0.000     0.033     0.010   1150427
     3.733    38.247     0.000     0.033     0.010   1140419
     3.725    38.746     0.000     0.033     0.010   1120491
     3.728    39.248     0.000     0.033     0.010   1110468
     3.738    39.741     0.000     0.033     0.010   1110396
     3.745    40.244     0.000     0.033     0.010   1110354
     3.754    40.751     0.000     0.033     0.010   1110320
     3.761    41.252     0.000     0.033     0.010   1110291
     3.767    41.752     0.000     0.033     0.010   1110265
     3.771    42.252     0.000     0.033     0.010   1110240
     3.774    42.750     0.000     0.033     0.010   1110217
     3.775    43.248     0.000     0.033     0.010   1110195
     3.775    43.744     0.000     0.033     0.010   1110173
     3.775    44.240     0.000     0.033     0.010   1110153
     3.765    44.744     0.000     0.033     0.010   1110132
     3.765    45.251     0.000     0.033     0.010   1110113
     3.771    45.754     0.000     0.033     0.010   1110093
     3.771    46.253     0.000     0.033     0.010   1110074
     3.767    46.752     0.000     0.033     0.010   1110055
     3.760    47.250     0.000     0.033     0.010   1110036
     3.750    47.748     0.000     0.033     0.010   1110017
     3.740    48.243     0.000     0.033     0.010   1110001
     3.726    48.736     0.000     0.033     0.010   1111010
     3.711    49.243     0.000     0.032     0.010   6230001
     3.736    49.738     0.000     0.033     0.010   6241018
     3.778    50.244     0.000     0.033     0.010   6251024
     3.751    50.751     0.000     0.033     0.010   6271018
     3.734    51.244     0.000     0.033     0.010   6281024
     3.727    51.737     0.000     0.033     0.010   6321021
     3.709    52.242     0.000     0.032     0.010   6340001
     3.714    52.754     0.000     0.032     0.010   6351017
     3.708    53.258     0.000     0.032     0.010   6361023
     3.705    53.759     0.000     0.032     0.010   6381020
     3.701    54.257     0.000     0.032     0.010   6420001
     3.701    54.754     0.000     0.032     0.010   6431017
     3.698    55.249     0.000     0.032     0.010   6441023
     3.692    55.742     0.000     0.032     0.010   6461013
     3.690    56.236     0.000     0.032     0.010   6471021
     3.689    56.744     0.000     0.032     0.010   7110011
     3.708    57.254     0.000     0.032     0.010   7110001
     3.710    57.758     0.000     0.032     0.010   7121011
     3.712    58.258     0.000     0.032     0.010   7131021
     3.712    58.757     0.000     0.032     0.010   7150001
     3.714    59.254     0.000     0.032     0.010   7161016
     3.712    59.750     0.000     0.032     0.010   7171024
     3.714    60.243     0.000     0.032     0.010   7211010
     3.715    60.736     0.000     0.032     0.010   7221020
     3.704    61.241     0.000     0.032     0.010   7240001
     3.709    61.753     0.000     0.032     0.010   7251014
     3.710    62.258     0.000     0.032     0.010   7261024
     3.711    62.760     0.000     0.032     0.010   7281012
     3.714    63.258     0.000     0.032     0.010   7311019
     3.714    63.754     0.000     0.032     0.010   7330001
     3.715    64.250     0.000     0.032     0.010   7341014
     3.715    64.743     0.000     0.032     0.010   7351024
     3.784    65.241     0.000     0.033     0.010   7370001
     3.737    65.739     0.000     0.033     0.010   7381015
     3.714    66.232     0.000     0.032     0.010   7420001
     3.691    66.743     0.000     0.032     0.010   7430001
     3.692    67.259     0.000     0.032     0.010   7441015
     3.685    67.763     0.000     0.032     0.010   7460001
     3.679    68.262     0.000     0.032     0.010   7470001
     3.678    68.762     0.000     0.032     0.010   7481020
     3.704    69.254     0.000     0.032     0.010   8110001
     3.708    69.746     0.000     0.032     0.010   8120001
     3.707    70.236     0.000     0.032     0.010   8130001
     3.709    70.727     0.000     0.032     0.010   8141019
     3.691    71.239     0.000     0.032     0.010   8160001
     3.701    71.758     0.000     0.032     0.010   8170001
     3.706    72.262     0.000     0.032     0.010   8181019
     3.708    72.761     0.000     0.032     0.010   8220001
     3.711    73.259     0.000     0.032     0.010   8230001
     3.709    73.753     0.000     0.032     0.010   8241020
     3.712    74.245     0.000     0.032     0.010   8260001
     3.715    74.736     0.000     0.032     0.010   8270001
     3.713    75.224     0.000     0.032     0.010   8281020
     3.693    75.737     0.000     0.032     0.010   8320001
     3.708    76.260     0.000     0.032     0.010   8330001
     3.709    76.764     0.000     0.032     0.010   8341017
     3.712    77.263     0.000     0.032     0.010   8360001
     3.717    77.760     0.000     0.032     0.010   8370001
     3.713    78.255     0.000     0.032     0.010   8381016
     3.715    78.744     0.000     0.032     0.010   8420001
     3.722    79.234     0.000     0.032     0.010   8430001
     3.720    79.720     0.000     0.032     0.010   8440001
     3.817    80.256     0.000     0.033     0.010   8460001
     3.678    80.750     0.000     0.032     0.010   8470001
     3.639    81.274     0.000     0.032     0.010   8480001
     3.697    81.771     0.000     0.032     0.010   9110001
     3.703    82.266     0.000     0.032     0.010   9120001
     3.711    82.762     0.000     0.032     0.010   9130001
     3.705    83.254     0.000     0.032     0.010   9141010
     3.707    83.737     0.000     0.032     0.010   9160001
     3.715    84.221     0.000     0.032     0.010   9170001
     3.696    84.725     0.000     0.032     0.010   9180001
     3.679    85.246     0.000     0.032     0.010   9220001
     3.698    85.768     0.000     0.032     0.010   9230001
     3.711    86.280     0.000     0.032     0.010   9240001
     3.693    86.781     0.000     0.032     0.010   9260001
     3.706    87.265     0.000     0.032     0.010   9270001
     3.730    87.758     0.000     0.033     0.010   9280001
     3.711    88.230     0.000     0.032     0.010   9310001
     3.694    88.668     0.000     0.032     0.010   9330001
     3.655    89.176     0.000     0.032     0.010   9340001
     3.722    89.769     0.000     0.032     0.010   9350001
     3.695    90.373     0.000     0.032     0.010   9370001
     3.694    90.800     0.000     0.032     0.010   9380001
     3.700    91.231     0.000     0.032     0.010   9410001
     3.740    91.714     0.000     0.033     0.010   9420007
     3.702    92.221     0.000     0.032     0.010   9430127
     3.687    92.717     0.000     0.032     0.010   9440221
     3.704    93.228     0.000     0.032     0.010   9450294
     3.676    93.774     0.000     0.032     0.010   9460373
     3.624    94.288     0.000     0.032     0.010   9480099
     3.911    94.807     0.000     0.034     0.010  10110001
     3.718    95.262     0.000     0.032     0.010  10110189
     3.708    95.750     0.000     0.032     0.010  10120221
     3.700    96.235     0.000     0.032     0.010  10130265
     3.712    96.729     0.000     0.032     0.010  10140296
     3.703    97.232     0.000     0.032     0.010  10150328
     3.697    97.736     0.000     0.032     0.010  10160373
     3.695    98.249     0.000     0.032     0.010  10170403
     3.696    98.770     0.000     0.032     0.010  10180468
     3.708    99.274     0.000     0.032     0.010  10220255
     3.706    99.759     0.000     0.032     0.010  10230278
     3.709   100.249     0.000     0.032     0.010  10240302
     3.705   100.742     0.000     0.032     0.010  10250326
     3.704   101.235     0.000     0.032     0.010  10260347
     3.706   101.734     0.000     0.032     0.010  10270368
     3.700   102.239     0.000     0.032     0.010  10280398
     3.691   102.749     0.000     0.032     0.010  10310426
     3.699   103.264     0.000     0.032     0.010  10320473
     3.707   103.770     0.000     0.032     0.010  10340300
     3.705   104.258     0.000     0.032     0.010  10350318
     3.708   104.748     0.000     0.032     0.010  10360339
     3.706   105.244     0.000     0.032     0.010  10370358
     3.702   105.739     0.000     0.032     0.010  10380377
     3.705   106.237     0.000     0.032     0.010  10410392
     3.688   106.733     0.000     0.032     0.010  10420412
     3.644   107.245     0.000     0.032     0.010  10430440
     3.657   107.765     0.000     0.032     0.010  10440478
     3.685   108.270     0.000     0.032     0.010  10460334
     3.708   108.757     0.000     0.032     0.010  10470349
     3.741   109.244     0.000     0.033     0.010  10480360
     3.804   109.762     0.000     0.033     0.010  11110238
     3.726   110.270     0.000     0.033     0.010  11110319
     3.689   110.760     0.000     0.032     0.010  11110460
     3.705   111.271     0.000     0.032     0.010  11130342
     3.703   111.761     0.000     0.032     0.010  11140354
     3.706   112.253     0.000     0.032     0.010  11150370
     3.701   112.747     0.000     0.032     0.010  11160380
     3.702   113.241     0.000     0.032     0.010  11170395
     3.703   113.739     0.000     0.032     0.010  11180407
     3.700   114.240     0.000     0.032     0.010  11210423
     3.699   114.744     0.000     0.032     0.010  11220439
     3.690   115.259     0.000     0.032     0.010  11230465
     3.704   115.768     0.000     0.032     0.010  11250360
     3.705   116.260     0.000     0.032     0.010  11260372
     3.706   116.753     0.000     0.032     0.010  11270379
     3.704   117.248     0.000     0.032     0.010  11280398
     3.705   117.743     0.000     0.032     0.010  11310401
     3.702   118.241     0.000     0.032     0.010  11320417
     3.702   118.741     0.000     0.032     0.010  11330431
     3.697   119.242     0.000     0.032     0.010  11340447
     3.665   119.756     0.000     0.032     0.010  11350468
     3.673   120.268     0.000     0.032     0.010  11370376
     3.684   120.761     0.000     0.032     0.010  11380385
     3.686   121.253     0.000     0.032     0.010  11410396
     3.696   121.747     0.000     0.032     0.010  11420403
     3.698   122.244     0.000     0.032     0.010  11430414
     3.706   122.742     0.000     0.032     0.010  11440427
     3.712   123.240     0.000     0.032     0.010  11450439
     3.717   123.742     0.000     0.032     0.010  11460452
     3.721   124.257     0.000     0.032     0.010  11470471
     3.796   124.756     0.000     0.033     0.010  12110289
     3.758   125.256     0.000     0.033     0.010  12110336
     3.708   125.756     0.000     0.032     0.010  12110399
     3.707   126.251     0.000     0.032     0.010  12120406
     3.707   126.746     0.000     0.032     0.010  12130419
     3.708   127.243     0.000     0.032     0.010  12140431
     3.706   127.743     0.000     0.032     0.010  12150441
     3.705   128.242     0.000     0.032     0.010  12160450
     3.703   128.747     0.000     0.032     0.010  12170461
     3.699   129.257     0.000     0.032     0.010  12180485
     3.707   129.762     0.000     0.032     0.010  12220401
     3.709   130.255     0.000     0.032     0.010  12230409
     3.708   130.750     0.000     0.032     0.010  12240409
     3.697   131.245     0.000     0.032     0.010  12250423
     3.680   131.742     0.000     0.032     0.010  12260434
     3.663   132.241     0.000     0.032     0.010  12270437
     3.648   132.740     0.000     0.032     0.010  12280454
     3.632   133.244     0.000     0.032     0.010  12310469
     3.615   133.756     0.000     0.032     0.010  12320485
     3.608   134.262     0.000     0.031     0.010  12340408
     3.596   134.755     0.000     0.031     0.010  12350414
     3.582   135.249     0.000     0.031     0.010  12360418
     3.570   135.742     0.000     0.031     0.010  12370429
     3.558   136.237     0.000     0.031     0.010  12380439
     3.546   136.734     0.000     0.031     0.010  12410442
     3.535   137.233     0.000     0.031     0.010  12420457
     3.523   137.738     0.000     0.031     0.010  12430461
     3.513   138.260     0.000     0.031     0.010  12440485
     3.508   138.776     0.000     0.031     0.010  12460413
     3.496   139.259     0.000     0.031     0.010  12470421
     3.488   139.720     0.000     0.030     0.010  12480428
