 268
     0.876     1.603     0.000     0.008     0.010   3180493
     0.876     1.699     0.000     0.008     0.010   3170485
     0.878     1.822     0.000     0.008     0.010   3160485
     0.879     1.943     0.000     0.008     0.010   3150481
     0.880     2.065     0.000     0.008     0.010   3140477
     0.880     2.186     0.000     0.008     0.010   3130473
     0.881     2.309     0.000     0.008     0.010   3120465
     0.882     2.434     0.000     0.008     0.010   3110461
     0.883     2.565     0.000     0.008     0.010   2480493
     0.883     2.690     0.000     0.008     0.010   2470489
     0.884     2.816     0.000     0.008     0.010   2460481
     0.885     2.940     0.000     0.008     0.010   2450477
     0.886     3.064     0.000     0.008     0.010   2440481
     0.886     3.188     0.000     0.008     0.010   2430469
     0.887     3.311     0.000     0.008     0.010   2420465
     0.888     3.435     0.000     0.008     0.010   2410457
     0.889     3.559     0.000     0.008     0.010   2380465
     0.890     3.687     0.000     0.008     0.010   2360497
     0.891     3.813     0.000     0.008     0.010   2350485
     0.892     3.939     0.000     0.008     0.010   2340481
     0.893     4.065     0.000     0.008     0.010   2330477
     0.895     4.190     0.000     0.008     0.010   2320469
     0.897     4.312     0.000     0.008     0.010   2320433
     0.898     4.438     0.000     0.008     0.010   2280465
     0.899     4.562     0.000     0.008     0.010   2270453
     0.900     4.687     0.000     0.008     0.010   2260453
     0.901     4.813     0.000     0.008     0.010   2240497
     0.903     4.937     0.000     0.008     0.010   2230489
     0.906     5.063     0.000     0.008     0.010   2220473
     0.906     5.188     0.000     0.008     0.010   2210465
     0.908     5.313     0.000     0.008     0.010   2180461
     0.909     5.438     0.000     0.008     0.010   2170457
     0.911     5.563     0.000     0.008     0.010   2160453
     0.913     5.689     0.000     0.008     0.010   2150445
     0.914     5.812     0.000     0.008     0.010   2140445
     0.916     5.936     0.000     0.008     0.010   2120497
     0.918     6.061     0.000     0.008     0.010   2110481
     0.920     6.188     0.000     0.008     0.010   2110425
     0.924     6.315     0.000     0.008     0.010   1480493
     0.925     6.438     0.000     0.008     0.010   1470477
     0.927     6.563     0.000     0.008     0.010   1460473
     0.929     6.689     0.000     0.008     0.010   1450465
     0.929     6.813     0.000     0.008     0.010   1440457
     0.929     6.937     0.000     0.008     0.010   1430449
     0.929     7.061     0.000     0.008     0.010   1420437
     0.927     7.186     0.000     0.008     0.010   1410437
     0.924     7.311     0.000     0.008     0.010   1380433
     0.923     7.437     0.000     0.008     0.010   1360497
     0.922     7.562     0.000     0.008     0.010   1350477
     0.921     7.688     0.000     0.008     0.010   1340469
     0.921     7.814     0.000     0.008     0.010   1330465
     0.919     7.938     0.000     0.008     0.010   1320449
     0.920     8.061     0.000     0.008     0.010   1310445
     0.920     8.186     0.000     0.008     0.010   1280437
     0.919     8.310     0.000     0.008     0.010   1270425
     0.918     8.436     0.000     0.008     0.010   1260421
     0.918     8.563     0.000     0.008     0.010   1240493
     0.920     8.687     0.000     0.008     0.010   1230477
     0.922     8.813     0.000     0.008     0.010   1220461
     0.919     8.938     0.000     0.008     0.010   1210449
     0.918     9.064     0.000     0.008     0.010   1180445
     0.919     9.189     0.000     0.008     0.010   1170437
     0.919     9.313     0.000     0.008     0.010   1160433
     0.918     9.437     0.000     0.008     0.010   1150425
     0.919     9.561     0.000     0.008     0.010   1140413
     0.917     9.686     0.000     0.008     0.010   1120489
     0.918     9.811     0.000     0.008     0.010   1110469
     0.919     9.935     0.000     0.008     0.010   1110393
     0.921    10.062     0.000     0.008     0.010   1110349
     0.924    10.189     0.000     0.008     0.010   1110317
     0.924    10.314     0.000     0.008     0.010   1110289
     0.925    10.438     0.000     0.008     0.010   1110261
     0.926    10.563     0.000     0.008     0.010   1110237
     0.927    10.688     0.000     0.008     0.010   1110213
     0.926    10.811     0.000     0.008     0.010   1110189
     0.928    10.935     0.000     0.008     0.010   1110169
     0.927    11.059     0.000     0.008     0.010   1110145
     0.924    11.185     0.000     0.008     0.010   1110125
     0.925    11.314     0.000     0.008     0.010   1110105
     0.924    11.439     0.000     0.008     0.010   1110085
     0.922    11.564     0.000     0.008     0.010   1110069
     0.919    11.689     0.000     0.008     0.010   1110049
     0.917    11.813     0.000     0.008     0.010   1110041
     0.916    11.937     0.000     0.008     0.010   6230045
     0.916    12.061     0.000     0.008     0.010   6250049
     0.917    12.184     0.000     0.008     0.010   6260045
     0.915    12.310     0.000     0.008     0.010   6270045
     0.919    12.434     0.000     0.008     0.010   6310045
     0.929    12.561     0.000     0.008     0.010   6320045
     0.922    12.689     0.000     0.008     0.010   6340045
     0.919    12.810     0.000     0.008     0.010   6350045
     0.917    12.933     0.000     0.008     0.010   6370045
     0.913    13.060     0.000     0.008     0.010   6380045
     0.913    13.188     0.000     0.008     0.010   6410045
     0.912    13.314     0.000     0.008     0.010   6430041
     0.912    13.440     0.000     0.008     0.010   6440049
     0.911    13.565     0.000     0.008     0.010   6460049
     0.910    13.689     0.000     0.008     0.010   6470041
     0.912    13.813     0.000     0.008     0.010   6480045
     0.914    13.936     0.000     0.008     0.010   7110053
     0.915    14.058     0.000     0.008     0.010   7110045
     0.913    14.186     0.000     0.008     0.010   7130049
     0.914    14.314     0.000     0.008     0.010   7140045
     0.915    14.440     0.000     0.008     0.010   7150045
     0.915    14.565     0.000     0.008     0.010   7170045
     0.915    14.689     0.000     0.008     0.010   7180041
     0.916    14.814     0.000     0.008     0.010   7210041
     0.916    14.937     0.000     0.008     0.010   7230045
     0.916    15.060     0.000     0.008     0.010   7240045
     0.916    15.183     0.000     0.008     0.010   7250041
     0.914    15.310     0.000     0.008     0.010   7270045
     0.915    15.439     0.000     0.008     0.010   7280041
     0.915    15.565     0.000     0.008     0.010   7310041
     0.916    15.690     0.000     0.008     0.010   7330045
     0.916    15.815     0.000     0.008     0.010   7340041
     0.917    15.938     0.000     0.008     0.010   7350045
     0.916    16.062     0.000     0.008     0.010   7360041
     0.917    16.185     0.000     0.008     0.010   7380045
     0.933    16.309     0.000     0.008     0.010   7410041
     0.920    16.434     0.000     0.008     0.010   7420045
     0.914    16.557     0.000     0.008     0.010   7440041
     0.909    16.685     0.000     0.008     0.010   7450045
     0.908    16.814     0.000     0.008     0.010   7460041
     0.907    16.941     0.000     0.008     0.010   7480045
     0.910    17.066     0.000     0.008     0.010   8110065
     0.914    17.189     0.000     0.008     0.010   8110045
     0.914    17.313     0.000     0.008     0.010   8120045
     0.914    17.437     0.000     0.008     0.010   8140045
     0.914    17.559     0.000     0.008     0.010   8150045
     0.915    17.681     0.000     0.008     0.010   8160045
     0.911    17.810     0.000     0.008     0.010   8180041
     0.913    17.940     0.000     0.008     0.010   8210045
     0.914    18.067     0.000     0.008     0.010   8220045
     0.915    18.192     0.000     0.008     0.010   8230049
     0.915    18.315     0.000     0.008     0.010   8250045
     0.915    18.438     0.000     0.008     0.010   8260045
     0.915    18.561     0.000     0.008     0.010   8270045
     0.916    18.683     0.000     0.008     0.010   8280045
     0.917    18.805     0.000     0.008     0.010   8320045
     0.912    18.934     0.000     0.008     0.010   8330045
     0.915    19.065     0.000     0.008     0.010   8340045
     0.915    19.192     0.000     0.008     0.010   8360045
     0.916    19.317     0.000     0.008     0.010   8370045
     0.916    19.441     0.000     0.008     0.010   8380041
     0.917    19.563     0.000     0.008     0.010   8410045
     0.917    19.686     0.000     0.008     0.010   8430045
     0.918    19.808     0.000     0.008     0.010   8440045
     0.918    19.928     0.000     0.008     0.010   8450045
     0.940    20.064     0.000     0.008     0.010   8460045
     0.901    20.187     0.000     0.008     0.010   8480045
     0.908    20.320     0.000     0.008     0.010   9110077
     0.914    20.443     0.000     0.008     0.010   9110041
     0.914    20.568     0.000     0.008     0.010   9120045
     0.914    20.690     0.000     0.008     0.010   9140041
     0.916    20.813     0.000     0.008     0.010   9150041
     0.916    20.935     0.000     0.008     0.010   9160045
     0.914    21.054     0.000     0.008     0.010   9170041
     0.911    21.179     0.000     0.008     0.010   9210045
     0.911    21.311     0.000     0.008     0.010   9220045
     0.914    21.444     0.000     0.008     0.010   9230045
     0.911    21.571     0.000     0.008     0.010   9250045
     0.914    21.694     0.000     0.008     0.010   9260045
     0.918    21.818     0.000     0.008     0.010   9270045
     0.919    21.940     0.000     0.008     0.010   9280045
     0.913    22.055     0.000     0.008     0.010   9320045
     0.913    22.163     0.000     0.008     0.010   9330045
     0.905    22.294     0.000     0.008     0.010   9340045
     0.919    22.443     0.000     0.008     0.010   9350045
     0.913    22.595     0.000     0.008     0.010   9370045
     0.913    22.703     0.000     0.008     0.010   9380045
     0.913    22.810     0.000     0.008     0.010   9410045
     0.920    22.927     0.000     0.008     0.010   9420045
     0.917    23.053     0.000     0.008     0.010   9430121
     0.913    23.180     0.000     0.008     0.010   9440213
     0.910    23.307     0.000     0.008     0.010   9450289
     0.909    23.443     0.000     0.008     0.010   9460369
     0.908    23.572     0.000     0.008     0.010   9480093
     0.961    23.718     0.000     0.008     0.010  10110049
     0.914    23.816     0.000     0.008     0.010  10110181
     0.916    23.936     0.000     0.008     0.010  10120217
     0.916    24.059     0.000     0.008     0.010  10130257
     0.915    24.183     0.000     0.008     0.010  10140289
     0.914    24.307     0.000     0.008     0.010  10150325
     0.914    24.433     0.000     0.008     0.010  10160369
     0.907    24.560     0.000     0.008     0.010  10170401
     0.903    24.695     0.000     0.008     0.010  10180465
     0.945    24.822     0.000     0.008     0.010  10230129
     0.915    24.940     0.000     0.008     0.010  10230273
     0.916    25.062     0.000     0.008     0.010  10240297
     0.915    25.185     0.000     0.008     0.010  10250321
     0.915    25.308     0.000     0.008     0.010  10260341
     0.914    25.432     0.000     0.008     0.010  10270365
     0.914    25.559     0.000     0.008     0.010  10280393
     0.913    25.688     0.000     0.008     0.010  10310425
     0.913    25.817     0.000     0.008     0.010  10320469
     0.915    25.944     0.000     0.008     0.010  10340293
     0.915    26.065     0.000     0.008     0.010  10350313
     0.915    26.188     0.000     0.008     0.010  10360333
     0.915    26.311     0.000     0.008     0.010  10370353
     0.915    26.434     0.000     0.008     0.010  10380373
     0.914    26.559     0.000     0.008     0.010  10410389
     0.914    26.684     0.000     0.008     0.010  10420409
     0.911    26.811     0.000     0.008     0.010  10430437
     0.903    26.940     0.000     0.008     0.010  10440477
     0.906    27.068     0.000     0.008     0.010  10460329
     0.911    27.189     0.000     0.008     0.010  10470345
     0.920    27.310     0.000     0.008     0.010  10480357
     0.937    27.440     0.000     0.008     0.010  11110233
     0.919    27.568     0.000     0.008     0.010  11110317
     0.910    27.690     0.000     0.008     0.010  11110461
     0.915    27.818     0.000     0.008     0.010  11130337
     0.915    27.941     0.000     0.008     0.010  11140349
     0.914    28.064     0.000     0.008     0.010  11150365
     0.913    28.187     0.000     0.008     0.010  11160377
     0.915    28.310     0.000     0.008     0.010  11170393
     0.914    28.434     0.000     0.008     0.010  11180405
     0.913    28.560     0.000     0.008     0.010  11210421
     0.914    28.686     0.000     0.008     0.010  11220437
     0.912    28.816     0.000     0.008     0.010  11230465
     0.915    28.944     0.000     0.008     0.010  11250313
     0.914    29.066     0.000     0.008     0.010  11260369
     0.915    29.188     0.000     0.008     0.010  11270373
     0.915    29.312     0.000     0.008     0.010  11280393
     0.914    29.435     0.000     0.008     0.010  11310397
     0.915    29.560     0.000     0.008     0.010  11320413
     0.914    29.685     0.000     0.008     0.010  11330429
     0.914    29.811     0.000     0.008     0.010  11340445
     0.913    29.941     0.000     0.008     0.010  11350465
     0.914    30.068     0.000     0.008     0.010  11370373
     0.911    30.190     0.000     0.008     0.010  11380381
     0.908    30.313     0.000     0.008     0.010  11410393
     0.909    30.436     0.000     0.008     0.010  11420401
     0.911    30.560     0.000     0.008     0.010  11430413
     0.912    30.683     0.000     0.008     0.010  11440425
     0.915    30.808     0.000     0.008     0.010  11450437
     0.916    30.935     0.000     0.008     0.010  11460449
     0.917    31.065     0.000     0.008     0.010  11470469
     0.936    31.189     0.000     0.008     0.010  12110285
     0.927    31.315     0.000     0.008     0.010  12110333
     0.916    31.439     0.000     0.008     0.010  12110397
     0.915    31.562     0.000     0.008     0.010  12120401
     0.916    31.686     0.000     0.008     0.010  12130413
     0.915    31.811     0.000     0.008     0.010  12140429
     0.915    31.936     0.000     0.008     0.010  12150437
     0.915    32.062     0.000     0.008     0.010  12160449
     0.914    32.188     0.000     0.008     0.010  12170461
     0.913    32.315     0.000     0.008     0.010  12180485
     0.915    32.441     0.000     0.008     0.010  12220397
     0.915    32.564     0.000     0.008     0.010  12230405
     0.914    32.688     0.000     0.008     0.010  12240405
     0.915    32.812     0.000     0.008     0.010  12250421
     0.915    32.936     0.000     0.008     0.010  12260433
     0.914    33.061     0.000     0.008     0.010  12270433
     0.913    33.186     0.000     0.008     0.010  12280453
     0.910    33.312     0.000     0.008     0.010  12310469
     0.906    33.440     0.000     0.008     0.010  12320485
     0.904    33.565     0.000     0.008     0.010  12340405
     0.901    33.689     0.000     0.008     0.010  12350413
     0.898    33.812     0.000     0.008     0.010  12360417
     0.895    33.935     0.000     0.008     0.010  12370425
     0.892    34.059     0.000     0.008     0.010  12380437
     0.889    34.184     0.000     0.008     0.010  12410441
     0.886    34.309     0.000     0.008     0.010  12420457
     0.883    34.436     0.000     0.008     0.010  12430461
     0.880    34.566     0.000     0.008     0.010  12440485
     0.879    34.693     0.000     0.008     0.010  12460409
     0.877    34.813     0.000     0.008     0.010  12470417
     0.874    34.930     0.000     0.008     0.010  12480425
