 280
     3.495     0.323     0.000     0.031     0.010   3360504
     3.496     0.776     0.000     0.031     0.010   3340509
     3.496     1.277     0.000     0.031     0.010   3330508
     3.497     1.775     0.000     0.031     0.010   3320494
     3.497     2.267     0.000     0.031     0.010   3310499
     3.499     2.758     0.000     0.031     0.010   3280493
     3.499     3.249     0.000     0.031     0.010   3270488
     3.500     3.750     0.000     0.031     0.010   3260490
     3.501     4.253     0.000     0.031     0.010   3250483
     3.502     4.737     0.000     0.031     0.010   3240479
     3.504     5.254     0.000     0.031     0.010   3220503
     3.505     5.760     0.000     0.031     0.010   3210496
     3.507     6.261     0.000     0.031     0.010   3180494
     3.509     6.763     0.000     0.031     0.010   3170488
     3.511     7.260     0.000     0.031     0.010   3160488
     3.513     7.755     0.000     0.031     0.010   3150482
     3.515     8.251     0.000     0.031     0.010   3140480
     3.517     8.746     0.000     0.031     0.010   3130478
     3.520     9.241     0.000     0.031     0.010   3120468
     3.522     9.741     0.000     0.031     0.010   3110466
     3.527    10.256     0.000     0.031     0.010   2480495
     3.528    10.757     0.000     0.031     0.010   2470489
     3.531    11.260     0.000     0.031     0.010   2460483
     3.534    11.758     0.000     0.031     0.010   2450482
     3.538    12.255     0.000     0.031     0.010   2440483
     3.541    12.751     0.000     0.031     0.010   2430471
     3.545    13.247     0.000     0.031     0.010   2420468
     3.549    13.744     0.000     0.031     0.010   2410458
     3.551    14.245     0.000     0.031     0.010   2380465
     3.555    14.751     0.000     0.031     0.010   2360497
     3.560    15.256     0.000     0.031     0.010   2350486
     3.564    15.756     0.000     0.031     0.010   2340484
     3.569    16.255     0.000     0.031     0.010   2330478
     3.574    16.755     0.000     0.031     0.010   2320469
     3.579    17.252     0.000     0.031     0.010   2310476
     3.584    17.749     0.000     0.031     0.010   2280467
     3.590    18.245     0.000     0.031     0.010   2270457
     3.594    18.745     0.000     0.031     0.010   2260457
     3.599    19.250     0.000     0.031     0.010   2240497
     3.608    19.749     0.000     0.031     0.010   2230487
     3.618    20.256     0.000     0.032     0.010   2220475
     3.621    20.755     0.000     0.032     0.010   2210467
     3.627    21.255     0.000     0.032     0.010   2180464
     3.633    21.755     0.000     0.032     0.010   2170460
     3.639    22.253     0.000     0.032     0.010   2160455
     3.647    22.750     0.000     0.032     0.010   2150447
     3.654    23.247     0.000     0.032     0.010   2140446
     3.660    23.747     0.000     0.032     0.010   2120498
     3.667    24.248     0.000     0.032     0.010   2110482
     3.677    24.747     0.000     0.032     0.010   2110428
     3.692    25.253     0.000     0.032     0.010   1480495
     3.695    25.753     0.000     0.032     0.010   1470477
     3.703    26.255     0.000     0.032     0.010   1460476
     3.711    26.754     0.000     0.032     0.010   1450469
     3.720    27.253     0.000     0.032     0.010   1440457
     3.730    27.751     0.000     0.033     0.010   1430454
     3.739    28.249     0.000     0.033     0.010   1420443
     3.749    28.747     0.000     0.033     0.010   1410440
     3.756    29.247     0.000     0.033     0.010   1380435
     3.765    29.751     0.000     0.033     0.010   1360496
     3.777    30.254     0.000     0.033     0.010   1350480
     3.789    30.754     0.000     0.033     0.010   1340471
     3.792    31.251     0.000     0.033     0.010   1330465
     3.789    31.750     0.000     0.033     0.010   1320448
     3.772    32.248     0.000     0.033     0.010   1310445
     3.764    32.746     0.000     0.033     0.010   1280452
     3.758    33.244     0.000     0.033     0.010   1270432
     3.748    33.744     0.000     0.033     0.010   1260430
     3.741    34.248     0.000     0.033     0.010   1240497
     3.747    34.746     0.000     0.033     0.010   1230482
     3.758    35.249     0.000     0.033     0.010   1220464
     3.741    35.750     0.000     0.033     0.010   1210455
     3.738    36.254     0.000     0.033     0.010   1180449
     3.738    36.754     0.000     0.033     0.010   1170437
     3.738    37.252     0.000     0.033     0.010   1160434
     3.735    37.749     0.000     0.033     0.010   1150426
     3.733    38.246     0.000     0.033     0.010   1140419
     3.725    38.746     0.000     0.033     0.010   1120491
     3.727    39.248     0.000     0.033     0.010   1110468
     3.737    39.741     0.000     0.033     0.010   1110396
     3.744    40.245     0.000     0.033     0.010   1110354
     3.754    40.751     0.000     0.033     0.010   1110320
     3.760    41.252     0.000     0.033     0.010   1110291
     3.766    41.752     0.000     0.033     0.010   1110265
     3.769    42.251     0.000     0.033     0.010   1110240
     3.773    42.749     0.000     0.033     0.010   1110217
     3.774    43.247     0.000     0.033     0.010   1110195
     3.771    43.743     0.000     0.033     0.010   1110173
     3.775    44.241     0.000     0.033     0.010   1110152
     3.768    44.744     0.000     0.033     0.010   1110132
     3.770    45.251     0.000     0.033     0.010   1110112
     3.772    45.755     0.000     0.033     0.010   1110093
     3.774    46.254     0.000     0.033     0.010   1110073
     3.770    46.750     0.000     0.033     0.010   1110054
     3.756    47.250     0.000     0.033     0.010   1110035
     3.748    47.747     0.000     0.033     0.010   1110016
     3.738    48.241     0.000     0.033     0.010   1110001
     3.725    48.738     0.000     0.033     0.010   1111011
     3.711    49.244     0.000     0.032     0.010   6230001
     3.735    49.738     0.000     0.033     0.010   6241018
     3.778    50.244     0.000     0.033     0.010   6260001
     3.751    50.751     0.000     0.033     0.010   6271017
     3.733    51.245     0.000     0.033     0.010   6311013
     3.729    51.738     0.000     0.033     0.010   6321018
     3.709    52.244     0.000     0.032     0.010   6340001
     3.712    52.754     0.000     0.032     0.010   6351018
     3.708    53.259     0.000     0.032     0.010   6361023
     3.706    53.760     0.000     0.032     0.010   6381018
     3.702    54.258     0.000     0.032     0.010   6420001
     3.700    54.754     0.000     0.032     0.010   6431015
     3.697    55.249     0.000     0.032     0.010   6441024
     3.692    55.743     0.000     0.032     0.010   6461013
     3.690    56.236     0.000     0.032     0.010   6471021
     3.689    56.744     0.000     0.032     0.010   7110010
     3.707    57.254     0.000     0.032     0.010   7110001
     3.711    57.759     0.000     0.032     0.010   7121009
     3.713    58.258     0.000     0.032     0.010   7131019
     3.712    58.757     0.000     0.032     0.010   7150001
     3.715    59.254     0.000     0.032     0.010   7161014
     3.712    59.749     0.000     0.032     0.010   7171024
     3.714    60.242     0.000     0.032     0.010   7211010
     3.715    60.735     0.000     0.032     0.010   7221020
     3.703    61.241     0.000     0.032     0.010   7240001
     3.709    61.753     0.000     0.032     0.010   7251016
     3.711    62.258     0.000     0.032     0.010   7261024
     3.711    62.760     0.000     0.032     0.010   7281012
     3.714    63.258     0.000     0.032     0.010   7311020
     3.714    63.754     0.000     0.032     0.010   7330001
     3.716    64.250     0.000     0.032     0.010   7341014
     3.715    64.743     0.000     0.032     0.010   7360001
     3.784    65.241     0.000     0.033     0.010   7370001
     3.737    65.739     0.000     0.033     0.010   7381015
     3.715    66.232     0.000     0.032     0.010   7420001
     3.691    66.743     0.000     0.032     0.010   7430001
     3.691    67.259     0.000     0.032     0.010   7441017
     3.686    67.762     0.000     0.032     0.010   7460001
     3.680    68.261     0.000     0.032     0.010   7470001
     3.678    68.761     0.000     0.032     0.010   7481018
     3.705    69.254     0.000     0.032     0.010   8110001
     3.708    69.746     0.000     0.032     0.010   8120001
     3.708    70.238     0.000     0.032     0.010   8130001
     3.708    70.727     0.000     0.032     0.010   8141020
     3.691    71.238     0.000     0.032     0.010   8160001
     3.702    71.758     0.000     0.032     0.010   8170001
     3.706    72.262     0.000     0.032     0.010   8181017
     3.707    72.762     0.000     0.032     0.010   8220001
     3.710    73.259     0.000     0.032     0.010   8230001
     3.710    73.753     0.000     0.032     0.010   8241020
     3.712    74.245     0.000     0.032     0.010   8260001
     3.715    74.736     0.000     0.032     0.010   8270001
     3.714    75.224     0.000     0.032     0.010   8281019
     3.693    75.737     0.000     0.032     0.010   8320001
     3.708    76.260     0.000     0.032     0.010   8330001
     3.709    76.765     0.000     0.032     0.010   8341017
     3.712    77.263     0.000     0.032     0.010   8360001
     3.717    77.760     0.000     0.032     0.010   8370001
     3.714    78.255     0.000     0.032     0.010   8381017
     3.714    78.744     0.000     0.032     0.010   8420001
     3.723    79.233     0.000     0.032     0.010   8430001
     3.721    79.720     0.000     0.032     0.010   8440001
     3.818    80.256     0.000     0.033     0.010   8460001
     3.677    80.750     0.000     0.032     0.010   8470001
     3.640    81.274     0.000     0.032     0.010   8480001
     3.697    81.771     0.000     0.032     0.010   9110001
     3.703    82.266     0.000     0.032     0.010   9120001
     3.711    82.762     0.000     0.032     0.010   9130001
     3.705    83.254     0.000     0.032     0.010   9140001
     3.707    83.737     0.000     0.032     0.010   9160001
     3.715    84.221     0.000     0.032     0.010   9170001
     3.697    84.725     0.000     0.032     0.010   9180001
     3.679    85.246     0.000     0.032     0.010   9220001
     3.698    85.767     0.000     0.032     0.010   9230001
     3.712    86.281     0.000     0.032     0.010   9240001
     3.693    86.781     0.000     0.032     0.010   9260001
     3.706    87.265     0.000     0.032     0.010   9270001
     3.731    87.758     0.000     0.033     0.010   9280001
     3.712    88.230     0.000     0.032     0.010   9310001
     3.694    88.668     0.000     0.032     0.010   9330001
     3.655    89.176     0.000     0.032     0.010   9340001
     3.722    89.769     0.000     0.032     0.010   9350001
     3.695    90.373     0.000     0.032     0.010   9370001
     3.694    90.800     0.000     0.032     0.010   9380001
     3.700    91.231     0.000     0.032     0.010   9410001
     3.740    91.714     0.000     0.033     0.010   9420007
     3.702    92.221     0.000     0.032     0.010   9430128
     3.688    92.717     0.000     0.032     0.010   9440221
     3.704    93.228     0.000     0.032     0.010   9450295
     3.677    93.774     0.000     0.032     0.010   9460374
     3.624    94.288     0.000     0.032     0.010   9480099
     3.912    94.807     0.000     0.034     0.010  10110001
     3.719    95.262     0.000     0.032     0.010  10110189
     3.707    95.750     0.000     0.032     0.010  10120221
     3.701    96.236     0.000     0.032     0.010  10130267
     3.713    96.730     0.000     0.032     0.010  10140296
     3.704    97.232     0.000     0.032     0.010  10150329
     3.697    97.735     0.000     0.032     0.010  10160373
     3.695    98.249     0.000     0.032     0.010  10170403
     3.697    98.770     0.000     0.032     0.010  10180468
     3.707    99.274     0.000     0.032     0.010  10220255
     3.707    99.759     0.000     0.032     0.010  10230279
     3.710   100.249     0.000     0.032     0.010  10240302
     3.704   100.742     0.000     0.032     0.010  10250327
     3.704   101.235     0.000     0.032     0.010  10260348
     3.707   101.733     0.000     0.032     0.010  10270368
     3.700   102.238     0.000     0.032     0.010  10280398
     3.692   102.749     0.000     0.032     0.010  10310425
     3.698   103.264     0.000     0.032     0.010  10320472
     3.708   103.770     0.000     0.032     0.010  10340300
     3.705   104.257     0.000     0.032     0.010  10350318
     3.709   104.748     0.000     0.032     0.010  10360338
     3.706   105.243     0.000     0.032     0.010  10370358
     3.702   105.739     0.000     0.032     0.010  10380376
     3.705   106.237     0.000     0.032     0.010  10410392
     3.688   106.733     0.000     0.032     0.010  10420413
     3.644   107.245     0.000     0.032     0.010  10430440
     3.658   107.764     0.000     0.032     0.010  10440478
     3.686   108.270     0.000     0.032     0.010  10460335
     3.708   108.757     0.000     0.032     0.010  10470350
     3.742   109.244     0.000     0.033     0.010  10480361
     3.804   109.762     0.000     0.033     0.010  11110240
     3.726   110.271     0.000     0.033     0.010  11110321
     3.688   110.760     0.000     0.032     0.010  11110462
     3.706   111.270     0.000     0.032     0.010  11130343
     3.705   111.761     0.000     0.032     0.010  11140354
     3.705   112.253     0.000     0.032     0.010  11150370
     3.701   112.747     0.000     0.032     0.010  11160380
     3.702   113.241     0.000     0.032     0.010  11170394
     3.704   113.740     0.000     0.032     0.010  11180407
     3.700   114.241     0.000     0.032     0.010  11210423
     3.699   114.744     0.000     0.032     0.010  11220438
     3.691   115.259     0.000     0.032     0.010  11230465
     3.704   115.769     0.000     0.032     0.010  11250358
     3.707   116.260     0.000     0.032     0.010  11260372
     3.706   116.753     0.000     0.032     0.010  11270379
     3.705   117.247     0.000     0.032     0.010  11280397
     3.707   117.744     0.000     0.032     0.010  11310401
     3.703   118.242     0.000     0.032     0.010  11320417
     3.702   118.742     0.000     0.032     0.010  11330432
     3.697   119.241     0.000     0.032     0.010  11340446
     3.666   119.756     0.000     0.032     0.010  11350468
     3.675   120.268     0.000     0.032     0.010  11370376
     3.685   120.761     0.000     0.032     0.010  11380385
     3.687   121.254     0.000     0.032     0.010  11410396
     3.696   121.747     0.000     0.032     0.010  11420402
     3.699   122.244     0.000     0.032     0.010  11430414
     3.707   122.742     0.000     0.032     0.010  11440427
     3.714   123.240     0.000     0.032     0.010  11450437
     3.717   123.742     0.000     0.032     0.010  11460452
     3.722   124.257     0.000     0.032     0.010  11470471
     3.797   124.756     0.000     0.033     0.010  12110288
     3.759   125.257     0.000     0.033     0.010  12110336
     3.709   125.756     0.000     0.032     0.010  12110398
     3.708   126.250     0.000     0.032     0.010  12120406
     3.708   126.746     0.000     0.032     0.010  12130418
     3.708   127.244     0.000     0.032     0.010  12140432
     3.706   127.742     0.000     0.032     0.010  12150440
     3.706   128.243     0.000     0.032     0.010  12160450
     3.704   128.748     0.000     0.032     0.010  12170462
     3.700   129.256     0.000     0.032     0.010  12180484
     3.708   129.761     0.000     0.032     0.010  12220400
     3.710   130.256     0.000     0.032     0.010  12230407
     3.708   130.751     0.000     0.032     0.010  12240409
     3.697   131.244     0.000     0.032     0.010  12250423
     3.680   131.741     0.000     0.032     0.010  12260435
     3.664   132.239     0.000     0.032     0.010  12270436
     3.648   132.741     0.000     0.032     0.010  12280454
     3.631   133.246     0.000     0.032     0.010  12310471
     3.615   133.756     0.000     0.032     0.010  12320485
     3.609   134.261     0.000     0.031     0.010  12340408
     3.595   134.754     0.000     0.031     0.010  12350415
     3.582   135.249     0.000     0.031     0.010  12360419
     3.570   135.742     0.000     0.031     0.010  12370429
     3.558   136.238     0.000     0.031     0.010  12380440
     3.546   136.735     0.000     0.031     0.010  12410442
     3.535   137.234     0.000     0.031     0.010  12420457
     3.523   137.740     0.000     0.031     0.010  12430461
     3.512   138.260     0.000     0.031     0.010  12440485
     3.508   138.775     0.000     0.031     0.010  12460412
     3.496   139.259     0.000     0.031     0.010  12470421
     3.488   139.721     0.000     0.030     0.010  12480429
