 280
     3.500     0.323     0.000     0.031     0.010   3360503
     3.500     0.784     0.000     0.031     0.010   3340509
     3.501     1.285     0.000     0.031     0.010   3330508
     3.501     1.773     0.000     0.031     0.010   3320493
     3.502     2.266     0.000     0.031     0.010   3310498
     3.503     2.760     0.000     0.031     0.010   3280493
     3.503     3.249     0.000     0.031     0.010   3270488
     3.504     3.751     0.000     0.031     0.010   3260490
     3.505     4.254     0.000     0.031     0.010   3250484
     3.507     4.738     0.000     0.031     0.010   3240479
     3.509     5.252     0.000     0.031     0.010   3220503
     3.510     5.758     0.000     0.031     0.010   3210496
     3.512     6.263     0.000     0.031     0.010   3180494
     3.514     6.763     0.000     0.031     0.010   3170488
     3.515     7.260     0.000     0.031     0.010   3160488
     3.517     7.754     0.000     0.031     0.010   3150482
     3.520     8.251     0.000     0.031     0.010   3140480
     3.522     8.747     0.000     0.031     0.010   3130477
     3.525     9.242     0.000     0.031     0.010   3120469
     3.527     9.741     0.000     0.031     0.010   3110466
     3.531    10.258     0.000     0.031     0.010   2480494
     3.533    10.758     0.000     0.031     0.010   2470489
     3.536    11.260     0.000     0.031     0.010   2460483
     3.539    11.758     0.000     0.031     0.010   2450481
     3.543    12.254     0.000     0.031     0.010   2440483
     3.546    12.753     0.000     0.031     0.010   2430471
     3.550    13.249     0.000     0.031     0.010   2420468
     3.554    13.745     0.000     0.031     0.010   2410458
     3.556    14.246     0.000     0.031     0.010   2380466
     3.560    14.750     0.000     0.031     0.010   2360497
     3.565    15.255     0.000     0.031     0.010   2350486
     3.569    15.756     0.000     0.031     0.010   2340484
     3.574    16.256     0.000     0.031     0.010   2330478
     3.579    16.755     0.000     0.031     0.010   2320470
     3.584    17.254     0.000     0.031     0.010   2310459
     3.589    17.750     0.000     0.031     0.010   2280467
     3.595    18.246     0.000     0.031     0.010   2270457
     3.599    18.746     0.000     0.031     0.010   2260457
     3.604    19.251     0.000     0.031     0.010   2240496
     3.613    19.750     0.000     0.032     0.010   2230488
     3.623    20.256     0.000     0.032     0.010   2220475
     3.626    20.754     0.000     0.032     0.010   2210468
     3.631    21.254     0.000     0.032     0.010   2180462
     3.638    21.754     0.000     0.032     0.010   2170460
     3.645    22.254     0.000     0.032     0.010   2160455
     3.651    22.751     0.000     0.032     0.010   2150447
     3.659    23.247     0.000     0.032     0.010   2140446
     3.665    23.746     0.000     0.032     0.010   2120498
     3.672    24.247     0.000     0.032     0.010   2110482
     3.683    24.746     0.000     0.032     0.010   2110428
     3.698    25.254     0.000     0.032     0.010   1480496
     3.700    25.755     0.000     0.032     0.010   1470477
     3.708    26.255     0.000     0.032     0.010   1460475
     3.717    26.755     0.000     0.032     0.010   1450468
     3.726    27.254     0.000     0.033     0.010   1440457
     3.735    27.753     0.000     0.033     0.010   1430453
     3.744    28.250     0.000     0.033     0.010   1420443
     3.754    28.747     0.000     0.033     0.010   1410440
     3.761    29.247     0.000     0.033     0.010   1380435
     3.771    29.749     0.000     0.033     0.010   1360497
     3.782    30.252     0.000     0.033     0.010   1350479
     3.794    30.754     0.000     0.033     0.010   1340471
     3.798    31.251     0.000     0.033     0.010   1330464
     3.794    31.750     0.000     0.033     0.010   1320450
     3.777    32.249     0.000     0.033     0.010   1310446
     3.769    32.748     0.000     0.033     0.010   1280436
     3.764    33.244     0.000     0.033     0.010   1270428
     3.754    33.743     0.000     0.033     0.010   1260423
     3.746    34.247     0.000     0.033     0.010   1240493
     3.750    34.746     0.000     0.033     0.010   1230475
     3.762    35.250     0.000     0.033     0.010   1220463
     3.744    35.750     0.000     0.033     0.010   1210452
     3.741    36.254     0.000     0.033     0.010   1180449
     3.742    36.754     0.000     0.033     0.010   1170438
     3.741    37.252     0.000     0.033     0.010   1160434
     3.739    37.749     0.000     0.033     0.010   1150426
     3.737    38.246     0.000     0.033     0.010   1140419
     3.730    38.746     0.000     0.033     0.010   1120491
     3.733    39.247     0.000     0.033     0.010   1110469
     3.743    39.741     0.000     0.033     0.010   1110396
     3.749    40.245     0.000     0.033     0.010   1110354
     3.759    40.751     0.000     0.033     0.010   1110320
     3.766    41.251     0.000     0.033     0.010   1110291
     3.771    41.752     0.000     0.033     0.010   1110265
     3.776    42.251     0.000     0.033     0.010   1110240
     3.779    42.749     0.000     0.033     0.010   1110217
     3.779    43.247     0.000     0.033     0.010   1110194
     3.781    43.744     0.000     0.033     0.010   1110173
     3.781    44.239     0.000     0.033     0.010   1110152
     3.768    44.744     0.000     0.033     0.010   1110132
     3.770    45.252     0.000     0.033     0.010   1110112
     3.776    45.754     0.000     0.033     0.010   1110092
     3.774    46.254     0.000     0.033     0.010   1110073
     3.770    46.752     0.000     0.033     0.010   1110054
     3.761    47.249     0.000     0.033     0.010   1110035
     3.753    47.746     0.000     0.033     0.010   1110016
     3.743    48.242     0.000     0.033     0.010   1110001
     3.729    48.737     0.000     0.033     0.010   1111013
     3.715    49.244     0.000     0.032     0.010   6230001
     3.740    49.738     0.000     0.033     0.010   6241019
     3.783    50.243     0.000     0.033     0.010   6260001
     3.755    50.751     0.000     0.033     0.010   6271018
     3.739    51.244     0.000     0.033     0.010   6281024
     3.733    51.738     0.000     0.033     0.010   6321019
     3.714    52.243     0.000     0.032     0.010   6340001
     3.717    52.754     0.000     0.032     0.010   6351018
     3.715    53.258     0.000     0.032     0.010   6361023
     3.710    53.759     0.000     0.032     0.010   6381018
     3.706    54.257     0.000     0.032     0.010   6420001
     3.705    54.754     0.000     0.032     0.010   6431017
     3.702    55.248     0.000     0.032     0.010   6441023
     3.697    55.742     0.000     0.032     0.010   6461013
     3.694    56.236     0.000     0.032     0.010   6471022
     3.693    56.744     0.000     0.032     0.010   7110011
     3.713    57.254     0.000     0.032     0.010   7110001
     3.714    57.758     0.000     0.032     0.010   7121010
     3.719    58.258     0.000     0.032     0.010   7131018
     3.718    58.757     0.000     0.032     0.010   7150001
     3.718    59.254     0.000     0.032     0.010   7161017
     3.717    59.749     0.000     0.032     0.010   7171024
     3.719    60.242     0.000     0.032     0.010   7211010
     3.720    60.735     0.000     0.032     0.010   7221021
     3.709    61.240     0.000     0.032     0.010   7240001
     3.713    61.753     0.000     0.032     0.010   7251015
     3.716    62.258     0.000     0.032     0.010   7261024
     3.716    62.759     0.000     0.032     0.010   7281011
     3.719    63.257     0.000     0.032     0.010   7311020
     3.719    63.754     0.000     0.032     0.010   7330001
     3.721    64.250     0.000     0.032     0.010   7341014
     3.720    64.743     0.000     0.032     0.010   7351024
     3.789    65.241     0.000     0.033     0.010   7370001
     3.742    65.739     0.000     0.033     0.010   7381016
     3.720    66.232     0.000     0.032     0.010   7420001
     3.696    66.742     0.000     0.032     0.010   7430001
     3.698    67.258     0.000     0.032     0.010   7441015
     3.690    67.762     0.000     0.032     0.010   7460001
     3.684    68.261     0.000     0.032     0.010   7470001
     3.682    68.761     0.000     0.032     0.010   7481020
     3.709    69.253     0.000     0.032     0.010   8110001
     3.713    69.745     0.000     0.032     0.010   8120001
     3.714    70.237     0.000     0.032     0.010   8130001
     3.714    70.727     0.000     0.032     0.010   8141018
     3.696    71.239     0.000     0.032     0.010   8160001
     3.707    71.757     0.000     0.032     0.010   8170001
     3.711    72.262     0.000     0.032     0.010   8181018
     3.713    72.762     0.000     0.032     0.010   8220001
     3.717    73.258     0.000     0.032     0.010   8230001
     3.715    73.753     0.000     0.032     0.010   8241020
     3.717    74.245     0.000     0.032     0.010   8260001
     3.720    74.736     0.000     0.032     0.010   8270001
     3.720    75.224     0.000     0.032     0.010   8281018
     3.699    75.737     0.000     0.032     0.010   8320001
     3.714    76.259     0.000     0.032     0.010   8330001
     3.716    76.764     0.000     0.032     0.010   8341016
     3.718    77.263     0.000     0.032     0.010   8360001
     3.724    77.760     0.000     0.032     0.010   8370001
     3.720    78.255     0.000     0.032     0.010   8381017
     3.721    78.744     0.000     0.032     0.010   8420001
     3.729    79.233     0.000     0.033     0.010   8430001
     3.727    79.719     0.000     0.033     0.010   8440001
     3.823    80.256     0.000     0.033     0.010   8460001
     3.685    80.750     0.000     0.032     0.010   8470001
     3.645    81.273     0.000     0.032     0.010   8480001
     3.702    81.770     0.000     0.032     0.010   9110001
     3.709    82.266     0.000     0.032     0.010   9120001
     3.717    82.762     0.000     0.032     0.010   9130001
     3.711    83.254     0.000     0.032     0.010   9140001
     3.712    83.738     0.000     0.032     0.010   9160001
     3.721    84.221     0.000     0.032     0.010   9170001
     3.702    84.725     0.000     0.032     0.010   9180001
     3.684    85.246     0.000     0.032     0.010   9220001
     3.704    85.767     0.000     0.032     0.010   9230001
     3.717    86.280     0.000     0.032     0.010   9240001
     3.699    86.781     0.000     0.032     0.010   9260001
     3.711    87.265     0.000     0.032     0.010   9270001
     3.737    87.758     0.000     0.033     0.010   9280001
     3.718    88.230     0.000     0.032     0.010   9310001
     3.700    88.668     0.000     0.032     0.010   9330001
     3.661    89.176     0.000     0.032     0.010   9340001
     3.729    89.769     0.000     0.033     0.010   9350001
     3.701    90.373     0.000     0.032     0.010   9370001
     3.702    90.800     0.000     0.032     0.010   9380001
     3.709    91.232     0.000     0.032     0.010   9410001
     3.746    91.714     0.000     0.033     0.010   9420010
     3.709    92.221     0.000     0.032     0.010   9430128
     3.694    92.717     0.000     0.032     0.010   9440221
     3.711    93.229     0.000     0.032     0.010   9450294
     3.683    93.774     0.000     0.032     0.010   9460374
     3.631    94.288     0.000     0.032     0.010   9480100
     3.917    94.808     0.000     0.034     0.010  10110001
     3.724    95.262     0.000     0.033     0.010  10110189
     3.713    95.750     0.000     0.032     0.010  10120221
     3.707    96.235     0.000     0.032     0.010  10130265
     3.719    96.729     0.000     0.032     0.010  10140295
     3.711    97.232     0.000     0.032     0.010  10150329
     3.704    97.735     0.000     0.032     0.010  10160372
     3.701    98.249     0.000     0.032     0.010  10170403
     3.702    98.770     0.000     0.032     0.010  10180468
     3.711    99.273     0.000     0.032     0.010  10220255
     3.714    99.758     0.000     0.032     0.010  10230279
     3.717   100.249     0.000     0.032     0.010  10240302
     3.712   100.742     0.000     0.032     0.010  10250326
     3.712   101.236     0.000     0.032     0.010  10260348
     3.713   101.734     0.000     0.032     0.010  10270368
     3.707   102.239     0.000     0.032     0.010  10280398
     3.699   102.749     0.000     0.032     0.010  10310426
     3.706   103.264     0.000     0.032     0.010  10320473
     3.715   103.770     0.000     0.032     0.010  10340300
     3.712   104.258     0.000     0.032     0.010  10350318
     3.716   104.749     0.000     0.032     0.010  10360340
     3.713   105.243     0.000     0.032     0.010  10370358
     3.710   105.738     0.000     0.032     0.010  10380377
     3.712   106.236     0.000     0.032     0.010  10410392
     3.696   106.734     0.000     0.032     0.010  10420414
     3.652   107.245     0.000     0.032     0.010  10430440
     3.666   107.765     0.000     0.032     0.010  10440478
     3.692   108.271     0.000     0.032     0.010  10460334
     3.716   108.758     0.000     0.032     0.010  10470349
     3.748   109.245     0.000     0.033     0.010  10480361
     3.811   109.762     0.000     0.033     0.010  11110240
     3.733   110.272     0.000     0.033     0.010  11110320
     3.695   110.760     0.000     0.032     0.010  11110461
     3.713   111.270     0.000     0.032     0.010  11130345
     3.713   111.761     0.000     0.032     0.010  11140354
     3.713   112.253     0.000     0.032     0.010  11150369
     3.708   112.747     0.000     0.032     0.010  11160380
     3.710   113.241     0.000     0.032     0.010  11170395
     3.710   113.740     0.000     0.032     0.010  11180407
     3.707   114.240     0.000     0.032     0.010  11210424
     3.706   114.744     0.000     0.032     0.010  11220438
     3.698   115.259     0.000     0.032     0.010  11230466
     3.713   115.768     0.000     0.032     0.010  11250363
     3.714   116.260     0.000     0.032     0.010  11260372
     3.713   116.753     0.000     0.032     0.010  11270379
     3.712   117.247     0.000     0.032     0.010  11280398
     3.714   117.743     0.000     0.032     0.010  11310401
     3.710   118.242     0.000     0.032     0.010  11320417
     3.710   118.741     0.000     0.032     0.010  11330432
     3.705   119.242     0.000     0.032     0.010  11340446
     3.673   119.757     0.000     0.032     0.010  11350468
     3.684   120.268     0.000     0.032     0.010  11370376
     3.692   120.761     0.000     0.032     0.010  11380386
     3.695   121.254     0.000     0.032     0.010  11410396
     3.704   121.748     0.000     0.032     0.010  11420403
     3.706   122.243     0.000     0.032     0.010  11430414
     3.714   122.741     0.000     0.032     0.010  11440427
     3.721   123.239     0.000     0.032     0.010  11450437
     3.725   123.741     0.000     0.033     0.010  11460452
     3.730   124.256     0.000     0.033     0.010  11470471
     3.803   124.756     0.000     0.033     0.010  12110288
     3.766   125.258     0.000     0.033     0.010  12110336
     3.721   125.756     0.000     0.032     0.010  12110398
     3.718   126.251     0.000     0.032     0.010  12120406
     3.718   126.746     0.000     0.032     0.010  12130419
     3.714   127.244     0.000     0.032     0.010  12140432
     3.712   127.743     0.000     0.032     0.010  12150441
     3.712   128.243     0.000     0.032     0.010  12160450
     3.710   128.748     0.000     0.032     0.010  12170462
     3.706   129.257     0.000     0.032     0.010  12180485
     3.716   129.762     0.000     0.032     0.010  12220399
     3.716   130.256     0.000     0.032     0.010  12230406
     3.715   130.751     0.000     0.032     0.010  12240409
     3.704   131.245     0.000     0.032     0.010  12250421
     3.687   131.742     0.000     0.032     0.010  12260433
     3.671   132.240     0.000     0.032     0.010  12270436
     3.656   132.740     0.000     0.032     0.010  12280453
     3.640   133.245     0.000     0.032     0.010  12310466
     3.623   133.756     0.000     0.032     0.010  12320485
     3.617   134.263     0.000     0.032     0.010  12340407
     3.603   134.756     0.000     0.031     0.010  12350415
     3.591   135.248     0.000     0.031     0.010  12360419
     3.579   135.742     0.000     0.031     0.010  12370429
     3.567   136.237     0.000     0.031     0.010  12380440
     3.555   136.733     0.000     0.031     0.010  12410442
     3.543   137.233     0.000     0.031     0.010  12420458
     3.532   137.739     0.000     0.031     0.010  12430460
     3.521   138.260     0.000     0.031     0.010  12440485
     3.515   138.774     0.000     0.031     0.010  12460413
     3.506   139.257     0.000     0.031     0.010  12470421
     3.497   139.720     0.000     0.031     0.010  12480429
