 110
     6.001     3.244   -26.351     0.082     0.018  11101081
     6.001     3.736   -28.369     0.084     0.021  11101061
     6.002     4.247   -35.435     0.084     0.023  11101045
     6.003     4.754   -40.676     0.084     0.024  11101029
     6.006     5.235   -74.166     0.084     0.025  11101013
     6.009     5.758   -92.076     0.085     0.025  11101001
     6.007     6.270   -67.949     0.086     0.025  11102001
     6.007     6.762    57.283     0.086     0.024  11105253
     6.007     7.260    50.059     0.086     0.022  11201253
     6.008     7.752    45.704     0.087     0.022  11203253
     6.009     8.241    43.527     0.087     0.021  11206253
     6.009     8.736    43.908     0.092     0.028  11208253
     6.010     9.244   -40.450     0.093     0.029  11303001
     6.011     9.753   -38.111     0.092     0.029  11305001
     6.011    10.255   -36.368     0.094     0.029  11307001
     6.011    10.758   -34.346     0.094     0.030  11402001
     6.012    11.248    28.405     0.095     0.030  11403249
     6.011    11.766   -27.249     0.097     0.030  11406001
     6.010    12.262    26.843     0.096     0.030  11407253
     6.010    12.749   -28.795     0.098     0.030  11501001
     6.010    13.248   -31.765     0.098     0.030  11503001
     6.008    13.737   -28.265     0.099     0.030  11505001
     6.008    14.244   -26.181     0.098     0.030  11507001
     6.008    14.747   -25.697     0.097     0.030  11601001
     6.008    15.252   -23.003     0.098     0.031  11603001
     6.008    15.755   -24.178     0.099     0.031  11605001
     6.008    16.256   -22.634     0.099     0.031  11607001
     6.008    16.758   -21.968     0.098     0.031  11701001
     6.008    17.259   -21.118     0.098     0.031  11703001
     6.009    17.756   -19.838     0.097     0.031  11705001
     6.009    18.252   -18.938     0.097     0.031  11707001
     6.010    18.742    20.427     0.100     0.031  11708249
     6.010    19.241   -18.827     0.095     0.031  11803001
     6.011    19.742   -17.929     0.096     0.031  11805001
     6.014    20.231    -6.567     0.096     0.032  11807001
     6.015    20.744     2.182     0.100     0.032  41101001
     6.013    21.252  -179.940     0.098     0.032  31101021
     6.013    21.747  -180.493     0.100     0.032  31101001
     6.014    22.250  -180.757     0.100     0.032  31103001
     6.014    22.753  -181.624     0.099     0.032  31105001
     6.016    23.254  -181.276     0.099     0.032  31107001
     6.018    23.746  -181.265     0.097     0.032  31201001
     6.019    24.241  -177.263     0.098     0.032  31203001
     6.019    24.742   180.702     0.095     0.032  31204253
     6.020    25.245  -175.143     0.094     0.032  31207001
     6.020    25.744  -180.078     0.093     0.032  31208001
     6.018    26.252  -174.316     0.093     0.032  31210001
     6.014    26.747  -176.340     0.093     0.032  31302001
     6.010    27.255  -177.927     0.088     0.032  31304001
     6.008    27.773  -179.737     0.082     0.011  31306001
     6.008    28.261  -180.194     0.082     0.011  31308001
     6.009    28.739  -180.058     0.081     0.011  31402001
     6.009    29.223  -179.935     0.083     0.011  31404001
     6.008    29.729  -180.075     0.082     0.011  31406001
     6.018    30.083  -180.109     0.061     0.010  31408001
     6.006    31.291  -179.922     0.077     0.010  32101001
     6.008    31.768  -180.059     0.078     0.010  32102001
     6.008    32.273   179.777     0.078     0.010  32103253
     6.008    32.770  -179.938     0.078     0.010  32105001
     6.009    33.268  -179.736     0.078     0.010  32107001
     6.008    33.754  -179.880     0.076     0.010  32201001
     6.009    34.225  -180.121     0.077     0.010  32203001
     6.008    34.711  -180.015     0.075     0.010  32205001
     6.009    35.229  -180.305     0.076     0.010  32207001
     6.008    35.738  -179.761     0.071     0.010  32209001
     6.008    36.246  -179.841     0.070     0.009  32301001
     6.008    36.761  -180.021     0.071     0.010  32303001
     6.008    37.265  -179.821     0.069     0.009  32305001
     6.008    37.773  -179.977     0.070     0.009  32307001
     6.008    38.274  -179.888     0.071     0.009  32401001
     6.008    38.771  -180.010     0.072     0.009  32403001
     6.009    39.233   180.008     0.071     0.009  32404253
     6.008    39.710  -179.957     0.070     0.009  32406001
     6.022    40.020  -181.520     0.053     0.009  32408001
     6.006    41.260  -179.837     0.065     0.009  33101001
     6.008    41.753  -179.921     0.065     0.009  33102001
     6.008    42.264  -179.964     0.065     0.009  33104001
     6.007    42.768  -180.084     0.064     0.009  33106001
     6.008    43.268  -180.011     0.063     0.009  33108001
     6.008    43.766  -180.106     0.064     0.009  33202001
     6.009    44.252  -179.992     0.064     0.009  33204001
     6.008    44.717  -179.822     0.063     0.009  33206001
     6.008    45.222  -180.131     0.064     0.009  33208001
     6.008    45.738  -179.886     0.063     0.009  33210001
     6.008    46.249  -180.085     0.065     0.009  33301001
     6.008    46.758  -180.111     0.066     0.009  33303001
     6.008    47.264  -179.866     0.065     0.009  33305001
     6.008    47.768  -180.022     0.067     0.009  33307001
     6.008    48.274  -179.805     0.067     0.009  33401001
     6.008    48.772  -179.926     0.067     0.009  33403001
     6.009    49.258  -179.854     0.068     0.009  33405001
     6.010    49.715  -180.009     0.065     0.009  33407001
     6.008    51.245  -180.037     0.064     0.008  34101001
     6.008    51.760  -179.955     0.071     0.008  34102001
     6.008    52.274  -180.123     0.071     0.008  34104001
     6.008    52.776  -179.990     0.071     0.008  34106001
     6.008    53.274  -179.959     0.072     0.008  34108001
     6.008    53.772  -179.971     0.073     0.008  34202001
     6.009    54.267  -180.120     0.074     0.008  34204001
     6.009    54.735  -179.883     0.074     0.008  34206001
     6.009    55.198  -180.054     0.065     0.008  34208001
     6.008    55.703  -179.981     0.065     0.008  34210001
     6.008    56.225  -179.951     0.064     0.008  34302001
     6.007    56.748  -180.012     0.064     0.008  34304001
     6.007    57.271  -179.997     0.064     0.008  34306001
     6.007    57.788  -179.922     0.064     0.008  34308001
     6.007    58.291  -180.082     0.077     0.008  34401001
     6.007    58.789  -180.071     0.078     0.008  34403001
     6.007    59.276  -180.005     0.078     0.008  34405001
     6.010    59.696  -180.077     0.065     0.008  34407001
